-1.577832150011000067e+03
-1.573166117888999906e+03
-1.559225084944999935e+03
-1.536175851950999913e+03
-1.504288372788000061e+03
-1.463935754445999919e+03
-1.415581088542000089e+03
-1.359781840813999906e+03
-1.297167903650999961e+03
-1.228456959322000102e+03
-1.154430337758999940e+03
-1.075933016556999974e+03
-9.938560629979999703e+02
-9.091454130390000046e+02
-8.227667553600000474e+02
-7.356923628819999976e+02
-6.488988980200000469e+02
-5.633388809719999699e+02
-4.799692214300000046e+02
-3.997051288929999942e+02
-3.234398653900000227e+02
-2.520140190220000136e+02
-1.862133092150000095e+02
-1.267422497560000068e+02
-7.425048575700000697e+01
-2.928450922100000042e+01
7.688198740999999892e+00
3.629014164499999850e+01
5.624258662199999748e+01
6.735898017700000651e+01
6.954055869500000142e+01
6.278512742899999921e+01
4.717169727099999932e+01
2.288462696899999926e+01
-9.808324343000000667e+00
-5.054502340999999888e+01
-9.888213133799999355e+01
-1.542929088470000067e+02
-2.161825795000000028e+02
-2.838839402090000021e+02
-3.566793087049999826e+02
-4.337895498029999999e+02
-5.144026071130000446e+02
-5.976515555700000277e+02
-6.826497173860000203e+02
-7.684840778090000413e+02
-8.542416220869999961e+02
-9.390005564800000002e+02
-1.021852255730000024e+03
-1.101896873567000057e+03
-1.178271874419999904e+03
-1.250141059682000105e+03
-1.316723099420999915e+03
-1.377287142886000083e+03
-1.431168181735999951e+03
-1.477780218522000041e+03
-1.516620656180999958e+03
-1.547270298035999986e+03
-1.569406516278000026e+03
-1.582785693990000027e+03
-1.587262977869999986e+03
-1.582785693990000027e+03
-1.569406516278000026e+03
-1.547270298035999986e+03
-1.516618461433999983e+03
-1.477780218522000041e+03
-1.431168181735999951e+03
-1.377287142886000083e+03
-1.316723099420999915e+03
-1.250141059682000105e+03
-1.178269679672999928e+03
-1.101896873567000057e+03
-1.021850060983000049e+03
-9.390005564800000002e+02
-8.542394273400000202e+02
-7.684840778090000413e+02
-6.826497173860000203e+02
-5.976537503170000036e+02
-5.144026071130000446e+02
-4.337917445499999758e+02
-3.566771139580000067e+02
-2.838839402090000021e+02
-2.161803847529999985e+02
-1.542929088470000067e+02
-9.888213133799999355e+01
-5.054502340999999888e+01
-9.806129595999999893e+00
2.288462696899999926e+01
4.717169727099999932e+01
6.278293268200000199e+01
6.954275344200000575e+01
6.735898017700000651e+01
5.624258662199999748e+01
3.629014164499999850e+01
7.688198740999999892e+00
-2.928231447399999965e+01
-7.424829101000000264e+01
-1.267444445029999969e+02
-1.862111144680000052e+02
-2.520162137689999895e+02
-3.234398653900000227e+02
-3.997051288929999942e+02
-4.799670266829999719e+02
-5.633388809719999699e+02
-6.488967032729999573e+02
-7.356945576289999735e+02
-8.227667553600000474e+02
-9.091454130390000046e+02
-9.938582577449999462e+02
-1.075930821809999998e+03
-1.154432532505999916e+03
-1.228459154069000078e+03
-1.297170098397999936e+03
-1.359781840813999906e+03
-1.415583283289000065e+03
-1.463935754445999919e+03
-1.504288372788000061e+03
-1.536175851950999913e+03
-1.559225084944999935e+03
-1.573168312636000110e+03
