-3.768867832834000183e+03
-3.792845443808999789e+03
-3.812023143094999796e+03
-3.826240714161000142e+03
-3.835381835415999831e+03
-3.839343353750999995e+03
-3.838061621502999969e+03
-3.831497133226000187e+03
-3.819643304678999812e+03
-3.802522083331999966e+03
-3.780177364125000167e+03
-3.752683768456000053e+03
-3.720126891458000046e+03
-3.682616470480999851e+03
-3.640273216609999963e+03
-3.593246372641000107e+03
-3.541698349851999865e+03
-3.485811312243999964e+03
-3.425784981794000032e+03
-3.361825664720000077e+03
-3.294146251481000036e+03
-3.222981580006000058e+03
-3.148555514488999961e+03
-3.071111671846999798e+03
-2.990898058491000029e+03
-2.908160486084999775e+03
-2.823168908510000165e+03
-2.736182305912000174e+03
-2.647483800653999879e+03
-2.557345541363999928e+03
-2.466035287176000111e+03
-2.373807628741999906e+03
-2.280928130449000037e+03
-2.187644798708000053e+03
-2.094214418917999865e+03
-2.000887192236999908e+03
-1.907908930328999986e+03
-1.815523250110999925e+03
-1.723958405270999947e+03
-1.633444844244000024e+03
-1.544195457489000091e+03
-1.456416551223999932e+03
-1.370301263184999925e+03
-1.286042731107999998e+03
-1.203820924246999994e+03
-1.123796059132999972e+03
-1.046123962803000040e+03
-9.709450990650000222e+02
-8.983845684980000215e+02
-8.285543031989999463e+02
-7.615574562770000284e+02
-6.974752333709999448e+02
-6.363822558790000130e+02
-5.783290029820000200e+02
-5.233593696200000522e+02
-4.714953032629999825e+02
-4.227455828989999986e+02
-3.771036242870000024e+02
-3.345496747039999832e+02
-2.950552024390000270e+02
-2.585697283110000058e+02
-2.250471626329999992e+02
-1.944128840070000024e+02
-1.665922710350000102e+02
-1.414931443430000115e+02
-1.190145455690000063e+02
-9.904234786899999676e+01
-8.146022965199999533e+01
-6.614089559200000679e+01
-5.294607662800000014e+01
-4.174189319300000278e+01
-3.238568673200000347e+01
-2.473040919600000009e+01
-1.862681778900000040e+01
-1.392566971499999973e+01
-1.047991692499999949e+01
-8.138121875999999588e+00
-6.757626013000000320e+00
-6.197965528000000113e+00
-6.316481866000000167e+00
-6.988074447999999883e+00
-8.078863707000000005e+00
-9.476917545999999248e+00
-1.106591437400000011e+01
-1.274489582900000073e+01
-1.442168253700000058e+01
-1.601287411199999866e+01
-1.744165440900000164e+01
-1.865315475299999903e+01
-1.959031172199999915e+01
-2.022239885799999826e+01
-2.052307919700000127e+01
-2.047698950999999923e+01
-2.008851929100000078e+01
-1.936864227499999913e+01
-1.834369542600000003e+01
-1.705318418999999963e+01
-1.554539300100000077e+01
-1.388835901600000078e+01
-1.215450888600000035e+01
-1.043163249100000023e+01
-8.818493445999999736e+00
-7.420439606999999604e+00
-6.355987311999999889e+00
-5.754626634000000074e+00
-5.741458151999999870e+00
-6.459140420999999854e+00
-8.054721490000000372e+00
-1.067524940800000088e+01
-1.447435646499999962e+01
-1.960348020400000024e+01
-2.621844766199999910e+01
-3.447289112899999708e+01
-4.450946916000000186e+01
-5.647742455099999859e+01
-7.051502636300000404e+01
-8.675615416300000504e+01
-1.053281032769999968e+02
-1.263406110549999966e+02
-1.498968306060000089e+02
-1.760823570629999892e+02
-2.049718118240000138e+02
-2.366156740700000114e+02
-2.710578387410000119e+02
-3.083114743190000127e+02
-3.483809702980000225e+02
-3.912509634489999826e+02
-4.368841430730000184e+02
-4.852322247359999778e+02
-5.362183922929999653e+02
-5.897592453580000438e+02
-6.457472413279999728e+02
-7.040638638650000303e+02
-7.645730386550000048e+02
-8.271233281549999674e+02
-8.915589053280000371e+02
-9.577063851609999574e+02
-1.025392382641000040e+03
-1.094439123261000077e+03
-1.164666637767000111e+03
-1.235910320133999903e+03
-1.308009953831000075e+03
-1.380818490808999968e+03
-1.454204246247999890e+03
-1.528042119569000079e+03
-1.602222373421999919e+03
-1.676615517733999923e+03
-1.751070114961999934e+03
-1.825375469393999992e+03
-1.899248458667000023e+03
-1.972348896995999894e+03
-2.044349767078000013e+03
-2.115038178453999990e+03
-2.184420715364999978e+03
-2.252719047258000046e+03
-2.320286528399999952e+03
-2.387489681540000220e+03
-2.454616018534999967e+03
-2.521836729651000041e+03
-2.589228631033000056e+03
-2.656774164705000203e+03
-2.724414072498000223e+03
-2.792049590796999837e+03
-2.859555619022999963e+03
-2.926785109126999942e+03
-2.993566870842999833e+03
-3.059709961181999915e+03
-3.124992710696999893e+03
-3.189175891965000119e+03
-3.251993940598999870e+03
-3.313163734235999982e+03
-3.372391176778000045e+03
-3.429373393139000200e+03
-3.483796534497999801e+03
-3.535362115262999851e+03
-3.583767260348000036e+03
-3.628724457895999876e+03
-3.669959364532000109e+03
-3.707217389603999891e+03
-3.740259305689000030e+03
-3.768870027581000159e+03
