4.76
4.74
4.77
4.83
4.90
4.94
4.94
4.86
4.69
4.40
3.98
3.41
2.66
1.72
0.58
-0.78
-2.36
-4.19
-6.28
-8.64
-11.30
-14.27
-17.59
-21.30
-25.46
-30.11
-35.30
-41.09
-47.49
-54.54
-62.20
-70.45
-79.22
-88.41
-97.94
-107.72
-117.71
-127.87
-138.19
-148.62
-159.11
-169.59
-180.01
-190.33
-200.53
-210.64
-220.66
-230.63
-240.55
-250.34
-259.87
-268.89
-277.08
-284.10
-289.65
-293.46
-295.33
-295.09
-292.69
-288.14
-281.49
-272.87
-262.44
-250.41
-237.07
-222.76
-207.91
-192.91
-178.15
-163.96
-150.59
-138.19
-126.82
-116.49
-107.14
-98.67
-91.00
-84.06
-77.81
-72.23
-67.33
-63.11
-59.58
-56.74
-54.59
-53.15
-52.39
-52.31
-52.88
-54.05
-55.77
-57.97
-60.53
-63.36
-66.35
-69.36
-72.33
-75.17
-77.85
-80.38
-82.75
-85.01
-87.19
-89.33
-91.45
-93.53
-95.50
-97.26
-98.66
-99.51
-99.63
-98.88
-97.16
-94.47
-90.85
-86.43
-81.37
-75.87
-70.10
-64.25
-58.52
-53.03
-47.92
-43.26
-39.12
-35.55
-32.57
-30.19
-28.43
-27.30
-26.82
-26.99
-27.81
-29.25
-31.28
-33.88
-36.98
-40.54
-44.50
-48.79
-53.33
-58.05
-62.86
-67.67
-72.40
-77.00
-81.38
-85.50
-89.33
-92.89
-96.17
-99.22
-102.07
-104.75
-107.31
-109.82
-112.35
-114.98
-117.73
-120.62
-123.65
-126.78
-129.98
-133.20
-136.41
-139.58
-142.69
-145.73
-148.68
-151.54
-154.26
-156.81
-159.10
-161.08
-162.70
-163.93
-164.76
-165.20
-165.28
-165.04
-164.56
-163.91
-163.19
-162.48
-161.84
-161.31
-160.93
-160.71
-160.65
-160.73
-160.89
-161.14
-161.45
-161.86
-162.40
-163.14
-164.13
-165.46
-167.23
-169.54
-172.49
-176.14
-180.53
-185.66
-191.45
-197.77
-204.44
-211.20
-217.82
-224.07
-229.71
-234.57
-238.50
-241.42
-243.30
-244.17
-244.10
-243.21
-241.64
-239.51
-236.93
-233.96
-230.68
-227.12
-223.30
-219.18
-214.75
-209.99
-204.90
-199.50
-193.85
-188.01
-182.08
-176.20
-170.55
-165.27
-160.50
-156.37
-152.97
-150.34
-148.52
-147.50
-147.23
-147.66
-148.72
-150.34
-152.43
-154.94
-157.82
-161.04
-164.60
-168.50
-172.73
-177.32
-182.31
-187.76
-193.72
-200.23
-207.31
-214.94
-223.07
-231.59
-240.36
-249.24
-258.08
-266.73
-275.08
-283.06
-290.65
-297.84
-304.69
-311.24
-317.55
-323.64
-329.55
-335.21
-340.56
-345.50
-349.93
-353.76
-356.93
-359.39
-361.16
-362.30
-362.87
-362.95
-362.62
-361.92
-360.86
-359.45
-357.68
-355.51
-352.96
-349.98
-346.56
-342.62
-338.11
-332.98
-327.24
-320.90
-314.06
-306.85
-299.47
-292.14
-285.11
-278.63
-272.89
-268.04
-264.16
-261.27
-259.31
-258.15
-257.65
-257.57
-257.69
-257.83
-257.82
-257.56
-256.97
-256.06
-254.83
-253.31
-251.59
-249.74
-247.87
-246.12
-244.62
-243.54
-243.01
-243.15
-243.97
-245.44
-247.41
-249.73
-252.24
-254.81
-257.35
-259.85
-262.28
-264.66
-267.00
-269.28
-271.50
-273.67
-275.79
-277.91
-280.09
-282.43
-285.03
-287.98
-291.36
-295.20
-299.47
-304.12
-309.02
-314.00
-318.87
-323.47
-327.68
-331.44
-334.71
-337.56
-340.08
-342.38
-344.55
-346.66
-348.76
-350.86
-352.97
-355.07
-357.16
-359.20
-361.21
-363.20
-365.19
-367.21
-369.29
-371.45
-373.66
-375.89
-378.11
-380.22
-382.15
-383.76
-384.90
-385.37
-385.00
-383.65
-381.20
-377.58
-372.81
-366.92
-360.06
-352.37
-344.04
-335.21
-326.03
-316.64
-307.14
-297.61
-288.11
-278.66
-269.29
-260.02
-250.87
-241.84
-232.94
-224.16
-215.50
-206.96
-198.53
-190.22
-182.06
-174.08
-166.32
-158.84
-151.73
-145.07
-138.94
-133.39
-128.47
-124.24
-120.69
-117.81
-115.55
-113.86
-112.67
-111.90
-111.47
-111.32
-111.36
-111.54
-111.83
-112.20
-112.68
-113.25
-113.92
-114.70
-115.56
-116.51
-117.52
-118.58
-119.68
-120.80
-121.95
-123.13
-124.34
-125.61
-126.94
-128.32
-129.74
-131.19
-132.64
-134.06
-135.44
-136.76
-138.02
-139.23
-140.38
-141.53
-142.68
-143.89
-145.18
-146.59
-148.13
-149.82
-151.64
-153.54
-155.50
-157.42
-159.24
-160.84
-162.14
-163.04
-163.47
-163.37
-162.73
-161.57
-159.94
-157.95
-155.73
-153.45
-151.21
-149.14
-147.30
-145.72
-144.41
-143.34
-142.47
-141.75
-141.08
-140.41
-139.66
-138.76
-137.67
-136.37
-134.88
-133.24
-131.49
-129.72
-128.02
-126.45
-125.11
-124.04
-123.27
-122.74
-122.39
-122.06
-121.55
-120.63
-119.08
-116.70
-113.36
-109.01
-103.71
-97.59
-90.85
-83.73
-76.49
-69.36
-62.54
-56.17
-50.35
-45.17
-40.62
-36.72
-33.43
-30.68
-28.44
-26.67
-25.35
-24.46
-23.97
-23.85
-24.09
-24.64
-25.50
-26.62
-27.99
-29.56
-31.30
-33.18
-35.17
-37.22
-39.29
-41.35
-43.34
-45.23
-46.97
-48.52
-49.81
-50.80
-51.44
-51.69
-51.53
-50.98
-50.08
-48.90
-47.55
-46.14
-44.82
-43.71
-42.90
-42.46
-42.40
-42.71
-43.39
-44.37
-45.62
-47.09
-48.70
-50.38
-52.09
-53.74
-55.27
-56.63
-57.76
-58.62
-59.20
-59.50
-59.54
-59.37
-59.05
-58.65
-58.26
-57.96
-57.82
-57.93
-58.40
-59.30
-60.74
-62.79
-65.57
-69.20
-73.79
-79.47
-86.39
-94.69
-104.49
-115.87
-128.86
-143.38
-159.25
-176.17
-193.77
-211.58
-229.17
-246.12
-262.16
-277.12
-290.96
-303.69
-315.42
-326.30
-336.47
-346.07
-355.19
-363.86
-372.00
-379.48
-386.09
-391.55
-395.58
-397.90
-398.32
-396.76
-393.24
-387.90
-380.93
-372.60
-363.15
-352.79
-341.65
-329.80
-317.27
-304.10
-290.37
-276.23
-261.89
-247.60
-233.65
-220.28
-207.73
-196.15
-185.63
-176.18
-167.69
-160.01
-152.93
-146.27
-139.83
-133.50
-127.18
-120.86
-114.55
-108.30
-102.17
-96.24
-90.54
-85.10
-79.96
-75.15
-70.68
-66.58
-62.88
-59.59
-56.76
-54.38
-52.46
-50.98
-49.88
-49.12
-48.63
-48.30
-48.04
-47.76
-47.37
-46.81
-46.03
-45.04
-43.86
-42.52
-41.11
-39.72
-38.43
-37.36
-36.56
-36.08
-35.95
-36.16
-36.70
-37.53
-38.60
-39.85
-41.22
-42.62
-44.01
-45.29
-46.40
-47.29
-47.90
-48.26
-48.37
-48.33
-48.24
-48.23
-48.46
-49.07
-50.20
-52.00
-54.55
-57.95
-62.25
-67.47
-73.63
-80.68
-88.56
-97.16
-106.36
-116.01
-125.93
-135.94
-145.81
-155.35
-164.34
-172.60
-179.95
-186.23
-191.30
-195.03
-197.32
-198.14
-197.49
-195.44
-192.03
-187.36
-181.55
-174.78
-167.26
-159.20
-150.78
-142.16
-133.46
-124.77
-116.19
-107.78
-99.59
-91.67
-84.04
-76.72
-69.73
-63.11
-56.87
-51.00
-45.50
-40.34
-35.48
-30.91
-26.59
-22.50
-18.62
-14.93
-11.41
-8.06
-4.87
-1.85
1.03
3.74
6.28
8.63
10.79
12.75
14.50
16.02
17.31
18.37
19.21
19.83
20.25
20.50
20.63
20.66
20.65
20.61
20.58
20.56
20.55
20.50
20.42
20.27
20.04
19.72
19.30
18.78
18.12
17.33
16.36
15.21
13.84
12.26
10.45
8.43
6.19
3.77
1.19
-1.50
-4.29
-7.14
-10.04
-12.97
-15.94
-18.94
-22.00
-25.18
-28.52
-32.08
-35.97
-40.27
-45.12
-50.64
-56.95
-64.16
-72.38
-81.71
-92.18
-103.81
-116.57
-130.34
-144.96
-160.23
-175.91
-191.76
-207.57
-223.16
-238.40
-253.18
-267.45
-281.20
-294.43
-307.20
-319.57
-331.68
-343.64
-355.57
-367.55
-379.67
-391.94
-404.37
-416.93
-429.58
-442.29
-454.99
-467.64
-480.18
-492.54
-504.65
-516.37
-527.55
-537.94
-547.23
-555.08
-561.14
-565.07
-566.63
-565.63
-561.99
-555.74
-547.00
-535.96
-522.83
-507.94
-491.63
-474.30
-456.38
-438.23
-420.21
-402.67
-385.92
-370.26
-355.89
-342.98
-331.64
-321.95
-313.87
-307.35
-302.25
-298.40
-295.58
-293.53
-291.95
-290.53
-288.96
-286.97
-284.30
-280.78
-276.33
-270.95
-264.72
-257.80
-250.37
-242.58
-234.55
-226.37
-218.10
-209.74
-201.30
-192.78
-184.18
-175.56
-166.98
-158.59
-150.52
-142.93
-135.98
-129.83
-124.64
-120.58
-117.80
-116.45
-116.61
-118.28
-121.39
-125.80
-131.30
-137.64
-144.56
-151.83
-159.28
-166.79
-174.28
-181.75
-189.22
-196.76
-204.46
-212.40
-220.67
-229.31
-238.41
-248.00
-258.13
-268.78
-279.93
-291.53
-303.48
-315.65
-327.84
-339.75
-351.04
-361.36
-370.41
-378.00
-384.07
-388.70
-392.13
-394.73
-396.90
-399.08
-401.62
-404.77
-408.63
-413.21
-418.50
-424.44
-431.02
-438.25
-446.21
-455.01
-464.73
-475.36
-486.78
-498.71
-510.74
-522.36
-533.09
-542.47
-550.20
-556.05
-559.93
-561.84
-561.85
-560.11
-556.75
-551.94
-545.88
-538.74
-530.78
-522.28
-513.52
-504.80
-496.39
-488.51
-481.33
-474.93
-469.34
-464.52
-460.42
-456.91
-453.83
-450.98
-448.11
-444.99
-441.40
-437.16
-432.16
-426.38
-419.90
-412.88
-405.52
-398.05
-390.73
-383.73
-377.15
-370.98
-365.12
-359.37
-353.49
-347.24
-340.42
-332.95
-324.87
-316.36
-307.65
-299.04
-290.87
-283.45
-277.04
-271.82
-267.93
-265.42
-264.32
-264.60
-266.19
-268.97
-272.76
-277.37
-282.55
-288.07
-293.69
-299.23
-304.61
-309.79
-314.82
-319.78
-324.77
-329.88
-335.17
-340.66
-346.32
-352.13
-358.07
-364.16
-370.49
-377.18
-384.42
-392.43
-401.43
-411.61
-423.10
-435.92
-450.02
-465.22
-481.29
-497.93
-514.85
-531.77
-548.44
-564.70
-580.44
-595.61
-610.17
-624.14
-637.59
-650.60
-663.20
-675.37
-686.99
-697.87
-707.74
-716.28
-723.16
-728.12
-731.04
-731.90
-730.81
-727.98
-723.58
-717.87
-711.08
-703.43
-695.14
-686.37
-677.27
-667.98
-658.64
-649.44
-640.58
-632.28
-624.72
-618.03
-612.30
-607.61
-604.04
-601.68
-600.59
-600.83
-602.45
-605.48
-609.97
-615.92
-623.32
-632.13
-642.30
-653.77
-666.46
-680.30
-695.26
-711.28
-728.33
-746.27
-764.88
-783.86
-802.80
-821.18
-838.46
-854.09
-867.64
-878.77
-887.32
-893.31
-896.88
-898.25
-897.68
-895.36
-891.48
-886.13
-879.31
-871.06
-861.42
-850.58
-838.81
-826.46
-813.91
-801.59
-789.88
-779.14
-769.65
-761.70
-755.50
-751.21
-748.99
-748.93
-751.11
-755.51
-762.02
-770.43
-780.43
-791.59
-803.42
-815.41
-827.03
-837.85
-847.51
-855.82
-862.78
-868.58
-873.56
-878.11
-882.68
-887.69
-893.44
-900.12
-907.70
-916.02
-924.75
-933.44
-941.59
-948.72
-954.46
-958.56
-960.93
-961.54
-960.46
-957.74
-953.45
-947.61
-940.24
-931.35
-920.93
-909.02
-895.68
-881.08
-865.47
-849.19
-832.67
-816.39
-800.88
-786.64
-774.08
-763.50
-755.09
-748.89
-744.84
-742.77
-742.36
-743.24
-744.91
-746.84
-748.50
-749.37
-748.98
-746.98
-743.15
-737.44
-729.99
-721.09
-711.10
-700.41
-689.36
-678.23
-667.17
-656.25
-645.37
-634.42
-623.28
-611.88
-600.23
-588.44
-576.69
-565.19
-554.11
-543.60
-533.75
-524.59
-516.13
-508.43
-501.58
-495.76
-491.17
-488.01
-486.39
-486.36
-487.85
-490.74
-494.81
-499.81
-505.47
-511.50
-517.59
-523.41
-528.64
-532.98
-536.17
-538.00
-538.32
-537.09
-534.34
-530.17
-524.73
-518.17
-510.68
-502.47
-493.81
-484.94
-476.08
-467.43
-459.17
-451.44
-444.37
-438.06
-432.55
-427.90
-424.13
-421.25
-419.27
-418.21
-418.10
-419.00
-420.97
-424.12
-428.52
-434.27
-441.43
-450.04
-460.12
-471.64
-484.49
-498.48
-513.34
-528.71
-544.26
-559.66
-574.59
-588.78
-601.96
-613.86
-624.17
-632.63
-639.01
-643.16
-645.00
-644.55
-641.99
-637.68
-632.08
-625.74
-619.21
-613.00
-607.51
-603.03
-599.70
-597.54
-596.45
-596.24
-596.65
-597.28
-597.67
-597.34
-595.78
-592.60
-587.53
-580.48
-571.51
-560.86
-548.86
-535.96
-522.64
-509.39
-496.63
-484.70
-473.78
-463.94
-455.02
-446.77
-438.82
-430.80
-422.43
-413.52
-403.97
-393.78
-383.03
-371.85
-360.40
-348.85
-337.44
-326.40
-316.02
-306.55
-298.29
-291.53
-286.53
-283.44
-282.29
-282.97
-285.24
-288.71
-292.94
-297.43
-301.71
-305.38
-308.09
-309.66
-310.00
-309.15
-307.23
-304.42
-300.92
-296.97
-292.80
-288.64
-284.70
-281.19
-278.24
-275.94
-274.33
-273.42
-273.18
-273.59
-274.61
-276.22
-278.39
-281.17
-284.65
-288.93
-294.13
-300.32
-307.51
-315.69
-324.79
-334.69
-345.28
-356.40
-367.88
-379.58
-391.37
-403.14
-414.80
-426.25
-437.33
-447.87
-457.67
-466.53
-474.28
-480.85
-486.26
-490.67
-494.27
-497.30
-500.01
-502.63
-505.38
-508.46
-512.04
-516.25
-521.19
-526.88
-533.32
-540.47
-548.25
-556.50
-565.05
-573.65
-582.03
-589.88
-596.87
-602.69
-607.07
-609.81
-610.77
-609.87
-607.08
-602.45
-596.06
-588.07
-578.72
-568.30
-557.11
-545.46
-533.67
-522.08
-510.97
-500.62
-491.22
-482.91
-475.72
-469.59
-464.38
-459.92
-456.02
-452.49
-449.15
-445.85
-442.47
-438.97
-435.32
-431.56
-427.73
-423.96
-420.40
-417.21
-414.57
-412.65
-411.61
-411.58
-412.63
-414.78
-417.97
-422.06
-426.87
-432.19
-437.76
-443.37
-448.80
-453.86
-458.47
-462.55
-466.10
-469.16
-471.84
-474.28
-476.63
-479.06
-481.70
-484.64
-487.94
-491.59
-495.59
-499.83
-504.21
-508.63
-513.01
-517.32
-521.54
-525.75
-530.03
-534.52
-539.34
-544.57
-550.32
-556.66
-563.62
-571.21
-579.41
-588.17
-597.42
-607.10
-617.13
-627.42
-637.87
-648.38
-658.83
-669.16
-679.30
-689.28
-699.12
-708.88
-718.60
-728.33
-738.04
-747.68
-757.12
-766.17
-774.60
-782.21
-788.89
-794.61
-799.43
-803.47
-806.97
-810.20
-813.55
-817.40
-822.06
-827.72
-834.49
-842.35
-851.18
-860.78
-870.87
-881.20
-891.52
-901.59
-911.24
-920.33
-928.77
-936.52
-943.63
-950.18
-956.34
-962.35
-968.50
-975.14
-982.57
-991.00
-1000.54
-1011.12
-1022.59
-1034.69
-1047.06
-1059.26
-1070.81
-1081.24
-1090.04
-1096.72
-1100.79
-1101.81
-1099.45
-1093.57
-1084.25
-1071.78
-1056.60
-1039.19
-1020.14
-1000.02
-979.36
-958.63
-938.26
-918.63
-900.06
-882.87
-867.31
-853.63
-842.05
-832.76
-825.95
-821.81
-820.52
-822.27
-827.23
-835.55
-847.39
-862.88
-882.16
-905.35
-932.56
-963.83
-999.15
-1038.32
-1080.94
-1126.32
-1173.53
-1221.47
-1268.87
-1314.44
-1357.03
-1395.64
-1429.64
-1458.76
-1483.03
-1502.68
-1518.03
-1529.32
-1536.72
-1540.32
-1540.14
-1536.23
-1528.76
-1518.10
-1504.87
-1489.82
-1473.85
-1457.91
-1442.93
-1429.77
-1419.04
-1411.19
-1406.47
-1404.93
-1406.51
-1411.04
-1418.20
-1427.56
-1438.64
-1450.92
-1463.94
-1477.28
-1490.73
-1504.18
-1517.62
-1531.17
-1544.96
-1559.05
-1573.40
-1587.69
-1601.41
-1613.85
-1624.23
-1631.79
-1635.94
-1636.26
-1632.59
-1625.07
-1614.07
-1600.18
-1584.08
-1566.54
-1548.37
-1530.39
-1513.40
-1498.14
-1485.23
-1475.16
-1468.23
-1464.55
-1464.06
-1466.58
-1471.81
-1479.30
-1488.49
-1498.82
-1509.75
-1520.77
-1531.46
-1541.53
-1550.78
-1559.14
-1566.61
-1573.31
-1579.36
-1584.98
-1590.39
-1595.83
-1601.45
-1607.35
-1613.45
-1619.61
-1625.52
-1630.84
-1635.17
-1638.10
-1639.35
-1638.81
-1636.52
-1632.64
-1627.42
-1621.12
-1614.03
-1606.42
-1598.56
-1590.65
-1582.83
-1575.25
-1568.10
-1561.63
-1556.16
-1551.99
-1549.41
-1548.66
-1549.93
-1553.35
-1559.02
-1567.00
-1577.34
-1590.11
-1605.42
-1623.36
-1644.00
-1667.36
-1693.36
-1721.86
-1752.59
-1785.24
-1819.39
-1854.58
-1890.38
-1926.44
-1962.47
-1998.26
-2033.70
-2068.67
-2103.03
-2136.61
-2169.07
-2199.94
-2228.66
-2254.66
-2277.43
-2296.62
-2312.15
-2324.20
-2333.23
-2339.71
-2344.20
-2347.06
-2348.58
-2348.94
-2348.28
-2346.74
-2344.48
-2341.69
-2338.58
-2335.34
-2332.13
-2329.09
-2326.39
-2324.19
-2322.66
-2322.02
-2322.55
-2324.63
-2328.67
-2335.06
-2344.12
-2356.00
-2370.68
-2387.95
-2407.36
-2428.28
-2449.86
-2471.16
-2491.21
-2509.12
-2524.07
-2535.34
-2542.25
-2544.29
-2541.06
-2532.38
-2518.32
-2499.27
-2475.89
-2448.99
-2419.43
-2387.97
-2355.17
-2321.41
-2286.87
-2251.72
-2216.09
-2180.18
-2144.36
-2109.15
-2075.07
-2042.68
-2012.46
-1984.82
-1960.08
-1938.45
-1919.95
-1904.53
-1892.05
-1882.21
-1874.68
-1869.05
-1864.92
-1861.90
-1859.62
-1857.73
-1855.83
-1853.49
-1850.29
-1845.95
-1840.28
-1833.32
-1825.17
-1816.03
-1806.06
-1795.36
-1783.93
-1771.71
-1758.66
-1744.75
-1730.08
-1714.87
-1699.54
-1684.65
-1670.89
-1658.87
-1649.14
-1641.97
-1637.43
-1635.32
-1635.31
-1637.00
-1639.99
-1643.90
-1648.36
-1653.10
-1657.88
-1662.42
-1666.37
-1669.36
-1670.97
-1670.86
-1668.74
-1664.50
-1658.13
-1649.75
-1639.54
-1627.78
-1614.79
-1600.95
-1586.55
-1571.79
-1556.85
-1541.90
-1527.12
-1512.71
-1498.88
-1485.77
-1473.56
-1462.34
-1452.17
-1443.13
-1435.27
-1428.72
-1423.60
-1420.07
-1418.27
-1418.28
-1420.08
-1423.48
-1428.12
-1433.53
-1439.09
-1444.03
-1447.51
-1448.66
-1446.70
-1441.02
-1431.18
-1416.94
-1398.40
-1375.78
-1349.50
-1320.04
-1287.95
-1253.92
-1218.69
-1182.96
-1147.46
-1112.87
-1079.89
-1049.21
-1021.35
-996.76
-975.64
-958.09
-944.01
-933.27
-925.63
-920.80
-918.37
-917.82
-918.53
-919.76
-920.68
-920.50
-918.47
-913.96
-906.49
-895.75
-881.65
-864.31
-844.05
-821.28
-796.50
-770.23
-743.02
-715.39
-687.82
-660.77
-634.64
-609.78
-586.49
-564.97
-545.32
-527.61
-511.79
-497.79
-485.47
-474.70
-465.35
-457.30
-450.48
-444.83
-440.33
-436.97
-434.72
-433.49
-433.19
-433.68
-434.83
-436.51
-438.61
-441.03
-443.71
-446.60
-449.62
-452.70
-455.74
-458.66
-461.36
-463.75
-465.75
-467.27
-468.28
-468.80
-468.88
-468.64
-468.24
-467.85
-467.64
-467.80
-468.47
-469.83
-472.01
-475.10
-479.17
-484.25
-490.30
-497.25
-505.01
-513.45
-522.47
-531.98
-541.87
-552.04
-562.45
-573.02
-583.71
-594.48
-605.21
-615.75
-625.91
-635.51
-644.31
-652.07
-658.55
-663.51
-666.76
-668.18
-667.71
-665.42
-661.43
-655.92
-649.14
-641.36
-632.82
-623.79
-614.45
-604.92
-595.20
-585.25
-574.94
-564.15
-552.81
-540.89
-528.43
-515.54
-502.34
-488.98
-475.60
-462.33
-449.28
-436.54
-424.14
-412.09
-400.34
-388.77
-377.25
-365.59
-353.58
-340.99
-327.64
-313.31
-297.88
-281.23
-263.36
-244.29
-224.14
-203.14
-181.57
-159.78
-138.16
-117.08
-96.94
-78.07
-60.72
-45.10
-31.29
-19.31
-9.11
-0.58
6.44
12.16
16.80
20.57
23.67
26.29
28.53
30.49
32.19
33.64
34.81
35.66
36.16
36.33
36.20
35.82
35.27
34.62
33.93
33.22
32.48
31.69
30.83
29.86
28.75
27.48
26.02
24.37
22.51
20.46
18.22
15.81
13.25
10.56
7.78
4.94
2.07
-0.79
-3.63
-6.40
-9.07
-11.64
-14.07
-16.35
-18.50
-20.52
-22.45
-24.33
-26.17
-28.02
-29.90
-31.82
-33.77
-35.74
-37.69
-39.57
-41.29
-42.80
-44.02
-44.92
-45.46
-45.65
-45.49
-45.04
-44.33
-43.43
-42.38
-41.24
-40.06
-38.86
-37.67
-36.50
-35.37
-34.27
-33.22
-32.21
-31.24
-30.26
-29.27
-28.23
-27.12
-25.90
-24.55
-23.04
-21.38
-19.59
-17.69
-15.75
-13.82
-11.97
-10.23
-8.65
-7.24
-6.00
-4.92
-3.97
-3.13
-2.37
-1.66
-0.99
-0.35
0.29
0.93
1.58
2.26
2.95
3.67
4.40
5.15
5.90
6.64
7.37
8.06
8.71
9.30
9.83
10.29
10.67
10.99
11.25
11.46
11.63
11.76
11.87
11.96
12.04
12.12
12.18
12.23
12.26
12.26
12.24
12.20
12.15
12.11
12.06
12.02
11.97
11.89
11.75
11.50
11.11
10.53
9.71
8.62
7.23
5.53
3.52
1.23
-1.31
-4.03
-6.87
-9.74
-12.60
-15.39
-18.09
-20.68
-23.17
-25.58
-27.92
-30.21
-32.47
-34.70
-36.89
-39.02
-41.08
-43.04
-44.90
-46.65
-48.28
-49.81
-51.22
-52.52
-53.66
-54.64
-55.43
-56.03
-56.45
-56.73
-56.92
-57.09
-57.32
-57.69
-58.26
-59.07
-60.16
-61.52
-63.14
-64.96
-66.94
-69.05
-71.29
-73.64
-76.12
-78.77
-81.68
-84.92
-88.62
-92.89
-97.83
-103.50
-109.93
-117.07
-124.82
-133.05
-141.55
-150.12
-158.51
-166.51
-173.96
-180.76
-186.84
-192.21
-196.90
-200.97
-204.54
-207.70
-210.58
-213.27
-215.87
-218.48
-221.12
-223.82
-226.55
-229.26
-231.88
-234.34
-236.56
-238.51
-240.17
-241.56
-242.75
-243.79
-244.75
-245.68
-246.60
-247.55
-248.56
-249.65
-250.81
-252.02
-253.20
-254.27
-255.12
-255.61
-255.60
-254.98
-253.61
-251.42
-248.39
-244.59
-240.10
-235.05
-229.56
-223.74
-217.67
-211.43
-205.06
-198.62
-192.18
-185.83
-179.64
-173.69
-168.05
-162.73
-157.73
-153.02
-148.51
-144.10
-139.68
-135.15
-130.44
-125.52
-120.42
-115.21
-110.01
-104.95
-100.16
-95.73
-91.75
-88.23
-85.17
-82.50
-80.17
-78.09
-76.19
-74.40
-72.65
-70.87
-69.02
-67.04
-64.94
-62.70
-60.34
-57.91
-55.43
-52.97
-50.56
-48.22
-45.98
-43.82
-41.74
-39.71
-37.65
-35.54
-33.34
-31.02
-28.58
-26.03
-23.39
-20.67
-17.89
-15.09
-12.30
-9.55
-6.88
-4.33
-1.93
0.26
2.22
3.89
5.28
6.37
7.19
7.75
8.11
8.31
8.38
8.38
8.32
8.24
8.16
8.09
8.05
8.03
8.05
8.11
8.18
8.28
8.38
8.49
8.61
8.72
8.84
8.97
9.13
9.30
9.51
9.74
10.00
10.26
10.50
10.69
10.78
10.78
10.67
10.45
10.15
9.79
9.41
9.05
8.72
8.45
8.23
8.08
8.00
7.96
7.97
8.01
8.07
8.14
8.23
8.34
8.47
8.63
8.82
9.06
9.34
9.65
10.00
10.37
10.76
11.17
11.60
12.04
12.49
12.95
13.41
13.85
14.26
14.60
14.86
15.00
15.03
14.95
14.75
14.46
14.12
13.75
13.38
13.05
12.76
12.54
12.37
12.26
12.17
12.08
11.99
11.88
11.73
11.54
11.32
11.06
10.77
10.46
10.14
9.78
9.40
8.97
8.48
7.90
7.21
6.39
5.42
4.29
3.00
1.56
0.00
-1.66
-3.39
-5.15
-6.94
-8.73
-10.53
-12.37
-14.28
-16.29
-18.42
-20.70
-23.12
-25.69
-28.35
-31.06
-33.76
-36.39
-38.90
-41.24
-43.40
-45.36
-47.11
-48.66
-50.04
-51.26
-52.34
-53.30
-54.13
-54.82
-55.32
-55.60
-55.61
-55.27
-54.54
-53.32
-51.59
-49.31
-46.50
-43.19
-39.47
-35.42
-31.17
-26.86
-22.61
-18.57
-14.83
-11.47
-8.54
-6.06
-4.03
-2.39
-1.12
-0.15
0.57
1.08
1.40
1.56
1.59
1.49
1.28
0.94
0.49
-0.08
-0.77
-1.59
-2.53
-3.62
-4.86
-6.27
-7.86
-9.65
-11.67
-13.92
-16.43
-19.21
-22.24
-25.52
-29.01
-32.67
-36.41
-40.16
-43.80
-47.22
-50.33
-53.01
-55.20
-56.83
-57.89
-58.38
-58.35
-57.85
-56.97
-55.79
-54.39
-52.83
-51.18
-49.47
-47.70
-45.87
-43.99
-42.02
-39.98
-37.84
-35.60
-33.29
-30.92
-28.51
-26.09
-23.71
-21.40
-19.22
-17.19
-15.35
-13.72
-12.31
-11.14
-10.23
-9.61
-9.29
-9.30
-9.69
-10.47
-11.70
-13.45
-15.77
-18.77
-22.51
-27.09
-32.59
-39.08
-46.61
-55.20
-64.81
-75.39
-86.80
-98.88
-111.48
-124.45
-137.68
-151.12
-164.75
-178.59
-192.70
-207.10
-221.83
-236.88
-252.22
-267.81
-283.59
-299.51
-315.49
-331.46
-347.37
-363.16
-378.83
-394.36
-409.77
-425.10
-440.40
-455.75
-471.23
-486.95
-503.03
-519.53
-536.53
-554.00
-571.86
-589.87
-607.73
-625.09
-641.55
-656.69
-670.09
-681.39
-690.32
-696.74
-700.66
-702.20
-701.60
-699.16
-695.21
-690.08
-684.05
-677.31
-669.97
-662.15
-653.94
-645.47
-636.81
-627.98
-618.96
-609.72
-600.18
-590.24
-579.80
-568.74
-557.01
-544.65
-531.73
-518.41
-504.86
-491.31
-477.94
-464.93
-452.38
-440.29
-428.61
-417.29
-406.26
-395.49
-384.93
-374.58
-364.40
-354.37
-344.45
-334.57
-324.64
-314.58
-304.34
-293.87
-283.19
-272.40
-261.65
-251.20
-241.29
-232.22
-224.25
-217.63
-212.55
-209.11
-207.31
-207.18
-208.65
-211.65
-216.05
-221.67
-228.29
-235.67
-243.53
-251.60
-259.60
-267.29
-274.46
-280.97
-286.75
-291.79
-296.14
-299.91
-303.26
-306.35
-309.37
-312.49
-315.86
-319.56
-323.66
-328.10
-332.82
-337.68
-342.52
-347.17
-351.46
-355.28
-358.52
-361.13
-363.09
-364.47
-365.39
-366.06
-366.68
-367.48
-368.64
-370.30
-372.53
-375.35
-378.69
-382.45
-386.44
-390.44
-394.23
-397.58
-400.29
-402.22
-403.28
-403.43
-402.70
-401.17
-398.92
-396.05
-392.65
-388.77
-384.47
-379.82
-374.88
-369.70
-364.34
-358.83
-353.22
-347.59
-341.98
-336.46
-331.06
-325.81
-320.73
-315.84
-311.14
-306.60
-302.21
-298.00
-293.96
-290.08
-286.38
-282.83
-279.43
-276.16
-273.03
-270.08
-267.31
-264.75
-262.41
-260.31
-258.48
-256.89
-255.55
-254.43
-253.53
-252.82
-252.26
-251.83
-251.53
-251.33
-251.22
-251.11
-250.92
-250.58
-250.01
-249.20
-248.14
-246.90
-245.53
-244.13
-242.78
-241.59
-240.65
-240.01
-239.75
-239.87
-240.39
-241.29
-242.54
-244.08
-245.82
-247.71
-249.66
-251.56
-253.37
-255.00
-256.45
-257.74
-258.91
-260.01
-261.09
-262.22
-263.44
-264.75
-266.15
-267.60
-269.08
-270.60
-272.16
-273.78
-275.53
-277.48
-279.74
-282.42
-285.60
-289.36
-293.73
-298.68
-304.16
-310.08
-316.29
-322.68
-329.14
-335.60
-342.01
-348.36
-354.64
-360.81
-366.79
-372.42
-377.55
-381.98
-385.54
-388.09
-389.54
-389.88
-389.17
-387.56
-385.26
-382.54
-379.69
-377.00
-374.73
-373.16
-372.51
-372.93
-374.56
-377.45
-381.59
-386.90
-393.22
-400.40
-408.22
-416.49
-425.00
-433.58
-442.09
-450.48
-458.81
-467.20
-475.78
-484.69
-494.06
-503.96
-514.44
-525.43
-536.78
-548.22
-559.41
-569.98
-579.57
-587.89
-594.75
-600.07
-603.87
-606.22
-607.17
-606.79
-605.10
-602.15
-597.98
-592.64
-586.16
-578.59
-569.99
-560.47
-550.12
-539.07
-527.39
-515.13
-502.33
-489.05
-475.41
-461.56
-447.69
-433.97
-420.53
-407.44
-394.71
-382.34
-370.28
-358.49
-346.87
-335.38
-324.02
-312.84
-301.95
-291.50
-281.65
-272.56
-264.38
-257.22
-251.20
-246.46
-243.05
-240.97
-240.14
-240.45
-241.73
-243.73
-246.20
-248.81
-251.30
-253.35
-254.75
-255.30
-254.93
-253.59
-251.34
-248.25
-244.44
-240.01
-235.04
-229.63
-223.85
-217.79
-211.50
-205.01
-198.31
-191.39
-184.19
-176.68
-168.82
-160.62
-152.11
-143.37
-134.47
-125.51
-116.64
-108.03
-99.84
-92.22
-85.31
-79.22
-74.04
-69.85
-66.72
-64.71
-63.85
-64.20
-65.79
-68.65
-72.75
-78.11
-84.67
-92.39
-101.18
-110.90
-121.36
-132.35
-143.60
-154.87
-165.91
-176.47
-186.38
-195.46
-203.60
-210.70
-216.68
-221.48
-225.06
-227.37
-228.37
-228.00
-226.26
-223.15
-218.74
-213.13
-206.48
-198.93
-190.72
-182.05
-173.13
-164.16
-155.35
-146.82
-138.71
-131.10
-124.04
-117.53
-111.60
-106.21
-101.32
-96.88
-92.79
-88.98
-85.34
-81.82
-78.32
-74.76
-71.09
-67.25
-63.22
-59.01
-54.62
-50.10
-45.52
-40.94
-36.46
-32.16
-28.12
-24.41
-21.08
-18.17
-15.70
-13.65
-12.02
-10.78
-9.92
-9.40
-9.18
-9.25
-9.55
-10.05
-10.70
-11.43
-12.20
-12.95
-13.62
-14.15
-14.48
-14.57
-14.40
-13.97
-13.26
-12.33
-11.20
-9.93
-8.58
-7.19
-5.80
-4.44
-3.15
-1.94
-0.82
0.18
1.06
1.83
2.48
3.01
3.45
3.80
4.08
4.28
4.42
4.50
4.52
4.47
4.37
4.22
4.00
3.74
3.43
3.07
2.68
2.23
1.73
1.17
0.54
-0.17
-0.98
-1.89
-2.91
-4.03
-5.25
-6.54
-7.87
-9.21
-10.53
-11.81
-13.05
-14.28
-15.53
-16.81
-18.16
-19.59
-21.07
-22.60
-24.13
-25.62
-27.02
-28.29
-29.39
-30.27
-30.92
-31.30
-31.40
-31.19
-30.67
-29.85
-28.77
-27.47
-26.01
-24.46
-22.91
-21.42
-20.05
-18.84
-17.81
-16.97
-16.30
-15.81
-15.48
-15.30
-15.27
-15.39
-15.65
-16.06
-16.62
-17.33
-18.17
-19.14
-20.21
-21.34
-22.52
-23.70
-24.86
-25.96
-26.96
-27.86
-28.60
-29.18
-29.54
-29.66
-29.50
-29.06
-28.32
-27.30
-26.02
-24.52
-22.82
-20.95
-18.95
-16.85
-14.68
-12.45
-10.21
-7.98
-5.81
-3.73
-1.78
0.01
1.63
3.08
4.36
5.48
6.47
7.33
8.08
8.72
9.27
9.73
10.10
10.40
10.62
10.78
10.87
10.91
10.90
10.86
10.79
10.71
10.63
10.57
10.52
10.49
10.49
10.51
10.53
10.55
10.56
10.53
10.45
10.31
10.08
9.77
9.35
8.80
8.10
7.23
6.17
4.93
3.50
1.91
0.20
-1.58
-3.36
-5.09
-6.71
-8.19
-9.48
-10.54
-11.33
-11.83
-12.04
-11.96
-11.60
-10.97
-10.09
-8.97
-7.64
-6.12
-4.44
-2.61
-0.67
1.33
3.38
5.44
7.47
9.45
11.35
13.15
14.84
16.39
17.77
18.97
19.96
20.73
21.26
21.56
21.64
21.51
21.20
20.74
20.16
19.50
18.78
18.04
17.30
16.58
15.90
15.28
14.70
14.19
13.73
13.32
12.96
12.64
12.35
12.12
11.92
11.78
11.68
11.64
11.64
11.69
11.76
11.86
11.93
11.97
11.92
11.76
11.46
11.00
10.38
9.58
8.64
7.57
6.40
5.16
3.88
2.58
1.25
-0.10
-1.51
-2.99
-4.58
-6.31
-8.22
-10.33
-12.69
-15.29
-18.15
-21.27
-24.63
-28.20
-31.94
-35.77
-39.63
-43.42
-47.07
-50.51
-53.69
-56.60
-59.26
-61.72
-64.03
-66.28
-68.53
-70.84
-73.25
-75.77
-78.38
-81.08
-83.83
-86.60
-89.34
-92.00
-94.54
-96.92
-99.12
-101.12
-102.96
-104.65
-106.28
-107.92
-109.68
-111.61
-113.76
-116.14
-118.67
-121.30
-123.91
-126.41
-128.71
-130.77
-132.56
-134.10
-135.42
-136.57
-137.59
-138.55
-139.50
-140.53
-141.70
-143.10
-144.85
-147.05
-149.79
-153.16
-157.24
-162.03
-167.54
-173.73
-180.53
-187.82
-195.51
-203.47
-211.60
-219.80
-227.99
-236.09
-244.05
-251.81
-259.29
-266.43
-273.19
-279.52
-285.42
-290.93
-296.12
-301.06
-305.81
-310.40
-314.79
-318.87
-322.50
-325.56
-327.97
-329.70
-330.84
-331.53
-331.98
-332.38
-332.94
-333.83
-335.21
-337.18
-339.81
-343.16
-347.28
-352.20
-357.95
-364.53
-371.91
-380.01
-388.71
-397.83
-407.17
-416.53
-425.71
-434.60
-443.13
-451.35
-459.37
-467.38
-475.60
-484.24
-493.43
-503.27
-513.77
-524.94
-536.76
-549.24
-562.39
-576.17
-590.55
-605.45
-620.78
-636.35
-651.97
-667.42
-682.47
-696.92
-710.63
-723.58
-735.81
-747.43
-758.66
-769.70
-780.76
-792.04
-803.66
-815.71
-828.26
-841.33
-854.90
-868.88
-883.16
-897.61
-912.11
-926.62
-941.12
-955.68
-970.37
-985.30
-1000.54
-1016.17
-1032.20
-1048.66
-1065.45
-1082.35
-1098.96
-1114.78
-1129.29
-1141.94
-1152.28
-1159.87
-1164.41
-1165.74
-1163.78
-1158.57
-1150.18
-1138.80
-1124.64
-1107.92
-1088.83
-1067.60
-1044.51
-1019.96
-994.43
-968.46
-942.60
-917.45
-893.54
-871.34
-851.14
-833.06
-817.10
-803.17
-791.16
-780.85
-771.99
-764.28
-757.36
-750.84
-744.31
-737.39
-729.80
-721.34
-711.91
-701.48
-690.10
-677.91
-665.11
-651.98
-638.84
-626.02
-613.80
-602.45
-592.18
-583.12
-575.32
-568.80
-563.55
-559.52
-556.65
-554.84
-553.95
-553.86
-554.42
-555.49
-556.95
-558.65
-560.48
-562.30
-564.04
-565.65
-567.10
-568.41
-569.62
-570.77
-571.88
-572.97
-574.04
-575.08
-576.09
-577.03
-577.86
-578.56
-579.11
-579.46
-579.55
-579.29
-578.57
-577.26
-575.22
-572.29
-568.33
-563.23
-556.94
-549.45
-540.81
-531.12
-520.50
-509.10
-497.06
-484.55
-471.70
-458.66
-445.54
-432.45
-419.50
-406.81
-394.45
-382.52
-371.09
-360.20
-349.87
-340.10
-330.90
-322.25
-314.15
-306.60
-299.56
-293.02
-286.91
-281.18
-275.75
-270.54
-265.45
-260.40
-255.31
-250.12
-244.79
-239.29
-233.64
-227.84
-221.91
-215.85
-209.68
-203.39
-197.03
-190.62
-184.24
-177.93
-171.75
-165.75
-159.99
-154.52
-149.36
-144.52
-139.98
-135.71
-131.67
-127.85
-124.22
-120.79
-117.57
-114.61
-111.96
-109.65
-107.69
-106.07
-104.75
-103.68
-102.79
-101.98
-101.17
-100.28
-99.21
-97.89
-96.25
-94.24
-91.84
-89.04
-85.85
-82.29
-78.40
-74.22
-69.83
-65.32
-60.77
-56.24
-51.78
-47.43
-43.20
-39.10
-35.13
-31.28
-27.52
-23.85
-20.28
-16.82
-13.52
-10.41
-7.52
-4.87
-2.48
-0.34
1.55
3.24
4.74
6.07
7.26
8.30
9.19
9.94
10.55
11.01
11.32
11.48
11.51
11.39
11.15
10.78
10.29
9.71
9.03
8.28
7.48
6.66
5.82
4.99
4.19
3.44
2.73
2.08
1.49
0.95
0.48
0.07
-0.31
-0.65
-0.97
-1.29
-1.61
-1.94
-2.29
-2.64
-2.99
-3.32
-3.62
-3.86
-4.05
-4.17
-4.21
-4.18
-4.08
-3.92
-3.72
-3.47
-3.20
-2.91
-2.61
-2.31
-2.01
-1.74
-1.47
-1.23
-0.99
-0.75
-0.53
-0.31
-0.10
0.09
0.26
0.40
0.50
0.56
0.57
0.54
0.47
0.39
0.29
0.20
0.11
0.04
-0.04
-0.11
-0.18
-0.28
-0.42
-0.62
-0.91
-1.31
-1.83
-2.49
-3.27
-4.14
-5.07
-5.98
-6.81
-7.48
-7.94
-8.11
-7.97
-7.48
-6.62
-5.41
-3.84
-1.95
0.24
2.68
5.32
8.11
10.99
13.89
16.73
19.43
21.91
24.06
25.78
26.97
27.52
27.28
26.15
24.01
20.76
16.36
10.78
4.04
-3.79
-12.59
-22.20
-32.43
-43.05
-53.87
-64.68
-75.32
-85.65
-95.58
-105.07
-114.10
-122.69
-130.86
-138.64
-146.04
-153.04
-159.61
-165.71
-171.30
-176.33
-180.78
-184.60
-187.77
-190.27
-192.10
-193.25
-193.68
-193.40
-192.38
-190.63
-188.17
-185.03
-181.32
-177.17
-172.74
-168.20
-163.75
-159.58
-155.86
-152.73
-150.28
-148.57
-147.65
-147.52
-148.17
-149.51
-151.43
-153.75
-156.29
-158.86
-161.29
-163.44
-165.21
-166.55
-167.48
-168.04
-168.33
-168.43
-168.44
-168.45
-168.54
-168.78
-169.23
-169.97
-171.04
-172.52
-174.44
-176.80
-179.54
-182.56
-185.72
-188.84
-191.74
-194.24
-196.22
-197.58
-198.35
-198.58
-198.46
-198.19
-198.04
-198.23
-198.98
-200.46
-202.80
-206.09
-210.42
-215.84
-222.38
-230.07
-238.93
-248.94
-260.09
-272.32
-285.51
-299.53
-314.22
-329.42
-344.96
-360.74
-376.66
-392.70
-408.89
-425.36
-442.28
-459.86
-478.27
-497.66
-518.11
-539.64
-562.23
-585.75
-610.04
-634.85
-659.87
-684.70
-708.93
-732.11
-753.85
-773.73
-791.38
-806.46
-818.72
-828.08
-834.56
-838.34
-839.69
-838.94
-836.43
-832.53
-827.55
-821.77
-815.39
-808.53
-801.23
-793.55
-785.57
-777.35
-768.94
-760.41
-751.86
-743.42
-735.24
-727.46
-720.09
-713.07
-706.31
-699.66
-693.03
-686.35
-679.58
-672.65
-665.54
-658.19
-650.55
-642.51
-633.92
-624.59
-614.40
-603.24
-591.09
-577.97
-563.97
-549.29
-534.17
-518.91
-503.79
-489.10
-475.09
-461.93
-449.75
-438.59
-428.47
-419.33
-411.16
-403.89
-397.48
-391.87
-387.02
-382.88
-379.44
-376.67
-374.54
-373.04
-372.15
-371.79
-371.88
-372.26
-372.72
-373.05
-372.98
-372.28
-370.70
-368.09
-364.35
-359.51
-353.66
-346.91
-339.41
-331.33
-322.85
-314.13
-305.41
-296.88
-288.81
-281.43
-274.97
-269.62
-265.51
-262.69
-261.16
-260.84
-261.59
-263.26
-265.61
-268.38
-271.29
-274.09
-276.54
-278.45
-279.65
-280.08
-279.67
-278.45
-276.43
-273.71
-270.41
-266.71
-262.78
-258.84
-255.11
-251.78
-249.03
-246.97
-245.64
-245.06
-245.18
-245.92
-247.21
-248.94
-251.04
-253.44
-256.10
-259.00
-262.13
-265.49
-269.06
-272.80
-276.68
-280.63
-284.61
-288.54
-292.38
-296.05
-299.48
-302.59
-305.30
-307.53
-309.15
-310.04
-310.12
-309.32
-307.62
-304.99
-301.42
-296.95
-291.61
-285.46
-278.58
-271.08
-263.08
-254.70
-246.09
-237.39
-228.76
-220.34
-212.26
-204.59
-197.36
-190.57
-184.19
-178.18
-172.49
-167.07
-161.89
-156.94
-152.21
-147.71
-143.44
-139.34
-135.36
-131.42
-127.43
-123.31
-118.96
-114.36
-109.50
-104.44
-99.27
-94.10
-89.07
-84.28
-79.83
-75.78
-72.14
-68.94
-66.15
-63.76
-61.76
-60.12
-58.79
-57.68
-56.71
-55.75
-54.68
-53.39
-51.78
-49.81
-47.49
-44.91
-42.17
-39.41
-36.76
-34.33
-32.18
-30.35
-28.85
-27.67
-26.79
-26.17
-25.79
-25.58
-25.51
-25.51
-25.54
-25.51
-25.36
-25.01
-24.40
-23.49
-22.28
-20.78
-19.04
-17.15
-15.21
-13.30
-11.53
-9.99
-8.72
-7.76
-7.11
-6.77
-6.70
-6.89
-7.30
-7.91
-8.67
-9.54
-10.45
-11.32
-12.06
-12.58
-12.80
-12.71
-12.32
-11.69
-10.89
-10.03
-9.18
-8.40
-7.71
-7.11
-6.55
-6.00
-5.42
-4.77
-4.01
-3.14
-2.14
-1.01
0.24
1.57
2.97
4.39
5.79
7.12
8.34
9.40
10.27
10.93
11.40
11.70
11.89
12.04
12.22
12.47
12.86
13.41
14.14
15.05
16.12
17.30
18.55
19.80
20.98
22.05
22.95
23.67
24.19
24.53
24.72
24.82
24.86
24.88
24.91
24.97
25.08
25.24
25.45
25.71
26.01
26.36
26.73
27.11
27.48
27.80
28.05
28.21
28.27
28.24
28.12
27.92
27.68
27.42
27.17
26.94
26.76
26.64
26.58
26.59
26.66
26.81
27.00
27.24
27.52
27.83
28.17
28.56
29.01
29.54
30.19
30.96
31.86
32.89
34.04
35.28
36.57
37.89
39.20
40.47
41.68
42.82
43.86
44.80
45.61
46.28
46.77
47.06
47.12
46.96
46.59
46.05
45.39
44.66
43.94
43.25
42.65
42.13
41.66
41.20
40.69
40.06
39.23
38.14
36.75
34.99
32.84
30.31
27.41
24.21
20.79
17.28
13.79
10.48
7.47
4.89
2.79
1.23
0.18
-0.41
-0.61
-0.52
-0.24
0.11
0.42
0.58
0.50
0.13
-0.58
-1.63
-2.98
-4.59
-6.36
-8.18
-9.91
-11.43
-12.61
-13.37
-13.65
-13.43
-12.71
-11.53
-9.98
-8.15
-6.15
-4.10
-2.11
-0.27
1.36
2.74
3.85
4.72
5.37
5.85
6.21
6.47
6.67
6.84
6.98
7.10
7.19
7.26
7.29
7.30
7.27
7.22
7.13
7.01
6.87
6.71
6.53
6.33
6.11
5.89
5.66
5.43
5.22
5.01
4.80
4.58
4.32
3.99
3.58
3.04
2.36
1.52
0.51
-0.67
-2.01
-3.49
-5.10
-6.80
-8.59
-10.44
-12.35
-14.31
-16.29
-18.30
-20.29
-22.25
-24.13
-25.89
-27.48
-28.87
-30.03
-30.96
-31.67
-32.19
-32.53
-32.72
-32.80
-32.80
-32.74
-32.65
-32.54
-32.44
-32.35
-32.28
-32.24
-32.19
-32.14
-32.03
-31.84
-31.55
-31.13
-30.59
-29.93
-29.17
-28.35
-27.52
-26.72
-25.98
-25.33
-24.78
-24.36
-24.05
-23.85
-23.76
-23.75
-23.80
-23.89
-24.02
-24.16
-24.33
-24.52
-24.74
-25.02
-25.35
-25.77
-26.29
-26.93
-27.69
-28.60
-29.64
-30.81
-32.09
-33.44
-34.84
-36.24
-37.60
-38.90
-40.08
-41.10
-41.90
-42.46
-42.74
-42.74
-42.44
-41.87
-41.05
-40.01
-38.83
-37.56
-36.27
-35.04
-33.91
-32.91
-32.05
-31.31
-30.67
-30.07
-29.48
-28.85
-28.15
-27.38
-26.53
-25.62
-24.67
-23.71
-22.75
-21.83
-20.94
-20.09
-19.28
-18.51
-17.79
-17.11
-16.49
-15.92
-15.40
-14.91
-14.44
-13.97
-13.49
-12.96
-12.40
-11.77
-11.09
-10.35
-9.56
-8.73
-7.88
-7.01
-6.13
-5.27
-4.46
-3.71
-3.03
-2.46
-1.98
-1.61
-1.33
-1.12
-0.97
-0.83
-0.71
-0.57
-0.43
-0.27
-0.11
0.05
0.22
0.39
0.57
0.75
0.96
1.20
1.47
1.77
2.09
2.45
2.82
3.20
3.57
3.91
4.22
4.48
4.70
4.87
5.00
5.10
5.16
5.19
5.20
5.20
5.18
5.16
5.14
5.13
5.13
5.15
5.17
5.19
5.18
5.15
5.07
4.94
4.75
4.50
4.23
3.94
3.67
3.44
3.29
3.23
3.29
3.48
3.79
4.24
4.79
5.46
6.22
7.05
7.93
8.82
9.69
10.51
11.26
11.92
12.49
12.98
13.38
13.72
14.00
14.26
14.48
14.69
14.87
15.04
15.20
15.34
15.47
15.59
15.71
15.82
15.93
16.01
16.07
16.10
16.07
15.99
15.84
15.62
15.34
15.01
14.66
14.29
13.95
13.66
13.45
13.33
13.32
13.41
13.60
13.85
14.12
14.40
14.64
14.83
14.96
15.01
15.01
14.97
14.89
14.80
14.69
14.60
14.50
14.41
14.32
14.21
14.09
13.92
13.71
13.43
13.09
12.65
12.14
11.54
10.85
10.08
9.22
8.27
7.22
6.07
4.81
3.45
1.98
0.41
-1.26
-3.04
-4.92
-6.93
-9.10
-11.44
-13.97
-16.69
-19.60
-22.68
-25.88
-29.17
-32.48
-35.77
-38.97
-42.02
-44.86
-47.42
-49.66
-51.51
-52.93
-53.88
-54.33
-54.26
-53.67
-52.61
-51.14
-49.34
-47.29
-45.08
-42.82
-40.61
-38.52
-36.61
-34.90
-33.40
-32.09
-30.94
-29.94
-29.05
-28.26
-27.54
-26.90
-26.34
-25.87
-25.50
-25.25
-25.12
-25.11
-25.20
-25.38
-25.63
-25.93
-26.24
-26.53
-26.76
-26.92
-26.99
-26.98
-26.91
-26.82
-26.75
-26.72
-26.81
-27.04
-27.46
-28.11
-29.03
-30.25
-31.82
-33.76
-36.09
-38.83
-41.98
-45.51
-49.36
-53.48
-57.75
-62.08
-66.35
-70.46
-74.30
-77.84
-81.09
-84.11
-86.98
-89.83
-92.76
-95.90
-99.39
-103.36
-107.91
-113.14
-119.08
-125.72
-132.98
-140.76
-148.87
-157.10
-165.18
-172.82
-179.79
-185.87
-190.95
-194.99
-198.06
-200.29
-201.89
-203.03
-203.90
-204.63
-205.32
-206.06
-206.87
-207.76
-208.70
-209.63
-210.49
-211.20
-211.67
-211.79
-211.41
-210.41
-208.65
-206.06
-202.56
-198.15
-192.90
-186.90
-180.33
-173.40
-166.32
-159.32
-152.58
-146.23
-140.37
-135.08
-130.38
-126.30
-122.86
-120.06
-117.90
-116.33
-115.27
-114.57
-114.05
-113.50
-112.66
-111.27
-109.14
-106.12
-102.17
-97.37
-91.84
-85.78
-79.38
-72.83
-66.30
-59.92
-53.79
-47.96
-42.46
-37.29
-32.43
-27.84
-23.50
-19.37
-15.41
-11.63
-8.01
-4.57
-1.31
1.74
4.55
7.08
9.32
11.27
12.94
14.35
15.56
16.61
17.53
18.36
19.17
19.99
20.86
21.81
22.88
24.09
25.47
27.00
28.70
30.54
32.48
34.47
36.47
38.43
40.32
42.10
43.75
45.26
46.60
47.74
48.66
49.32
49.70
49.80
49.62
49.19
48.52
47.66
46.67
45.57
44.42
43.23
42.04
40.86
39.70
38.56
37.44
36.37
35.32
34.32
33.38
32.50
31.69
30.98
30.38
29.89
29.52
29.27
29.15
29.14
29.26
29.49
29.84
30.28
30.80
31.40
32.04
32.73
33.43
34.13
34.80
35.40
35.90
36.26
36.43
36.39
36.11
35.58
34.83
33.91
32.89
31.82
30.79
29.86
29.05
28.42
27.96
27.69
27.58
27.62
27.78
28.04
28.34
28.66
28.95
29.19
29.33
29.37
29.26
29.00
28.58
27.99
27.22
26.28
25.15
23.83
22.29
20.49
18.39
15.90
12.96
9.46
5.32
0.47
-5.14
-11.53
-18.74
-26.75
-35.56
-45.11
-55.34
-66.16
-77.45
-89.13
-101.08
-113.21
-125.41
-137.53
-149.45
-161.05
-172.22
-182.84
-192.83
-202.13
-210.68
-218.52
-225.70
-232.32
-238.48
-244.30
-249.89
-255.31
-260.69
-266.11
-271.68
-277.49
-283.64
-290.17
-297.08
-304.26
-311.50
-318.48
-324.84
-330.21
-334.24
-336.66
-337.31
-336.12
-333.14
-328.48
-322.28
-314.74
-306.09
-296.54
-286.36
-275.77
-265.00
-254.24
-243.65
-233.42
-223.66
-214.50
-206.01
-198.20
-191.07
-184.55
-178.59
-173.12
-168.08
-163.38
-158.98
-154.78
-150.74
-146.79
-142.88
-138.97
-135.06
-131.14
-127.25
-123.37
-119.55
-115.80
-112.15
-108.62
-105.22
-101.97
-98.84
-95.83
-92.95
-90.21
-87.59
-85.11
-82.74
-80.47
-78.30
-76.20
-74.19
-72.27
-70.47
-68.80
-67.30
-65.98
-64.86
-63.96
-63.31
-62.91
-62.74
-62.80
-63.07
-63.54
-64.19
-65.02
-66.00
-67.12
-68.37
-69.73
-71.19
-72.75
-74.43
-76.25
-78.25
-80.44
-82.89
-85.63
-88.70
-92.12
-95.88
-99.98
-104.38
-109.01
-113.83
-118.73
-123.64
-128.50
-133.26
-137.90
-142.45
-146.93
-151.44
-156.06
-160.91
-166.12
-171.79
-177.99
-184.78
-192.18
-200.18
-208.72
-217.71
-227.02
-236.47
-245.88
-255.05
-263.77
-271.81
-278.96
-285.00
-289.78
-293.19
-295.17
-295.73
-294.97
-293.03
-290.11
-286.43
-282.23
-277.71
-273.09
-268.53
-264.15
-260.06
-256.34
-253.04
-250.27
-248.10
-246.59
-245.79
-245.72
-246.38
-247.74
-249.75
-252.30
-255.24
-258.44
-261.75
-265.05
-268.26
-271.29
-274.08
-276.59
-278.83
-280.82
-282.60
-284.20
-285.66
-286.99
-288.20
-289.27
-290.16
-290.79
-291.08
-290.90
-290.14
-288.70
-286.53
-283.63
-280.10
-276.05
-271.66
-267.11
-262.60
-258.27
-254.23
-250.53
-247.18
-244.15
-241.39
-238.86
-236.52
-234.33
-232.27
-230.30
-228.41
-226.57
-224.72
-222.84
-220.84
-218.65
-216.20
-213.42
-210.23
-206.62
-202.58
-198.12
-193.27
-188.14
-182.83
-177.49
-172.26
-167.28
-162.68
-158.57
-154.99
-151.97
-149.48
-147.50
-146.03
-145.08
-144.66
-144.79
-145.48
-146.71
-148.41
-150.45
-152.65
-154.80
-156.63
-157.90
-158.37
-157.90
-156.41
-153.92
-150.51
-146.32
-141.52
-136.26
-130.71
-125.01
-119.24
-113.47
-107.73
-102.05
-96.44
-90.95
-85.56
-80.27
-75.03
-69.82
-64.61
-59.37
-54.17
-49.06
-44.12
-39.43
-35.05
-31.04
-27.43
-24.25
-21.53
-19.31
-17.60
-16.39
-15.70
-15.53
-15.87
-16.71
-18.02
-19.74
-21.76
-24.00
-26.31
-28.58
-30.70
-32.58
-34.18
-35.45
-36.42
-37.11
-37.56
-37.85
-38.03
-38.20
-38.44
-38.85
-39.52
-40.53
-41.95
-43.79
-46.04
-48.67
-51.60
-54.75
-58.04
-61.36
-64.60
-67.68
-70.52
-73.07
-75.28
-77.17
-78.76
-80.08
-81.19
-82.14
-82.99
-83.78
-84.56
-85.35
-86.17
-87.04
-87.95
-88.93
-90.01
-91.17
-92.41
-93.71
-95.01
-96.30
-97.49
-98.54
-99.40
-100.03
-100.37
-100.42
-100.14
-99.52
-98.56
-97.25
-95.64
-93.77
-91.68
-89.45
-87.12
-84.75
-82.36
-79.99
-77.66
-75.38
-73.15
-71.00
-68.93
-66.95
-65.06
-63.25
-61.51
-59.82
-58.13
-56.42
-54.64
-52.75
-50.71
-48.50
-46.11
-43.57
-40.88
-38.09
-35.23
-32.36
-29.51
-26.73
-24.05
-21.50
-19.12
-16.90
-14.85
-12.96
-11.23
-9.63
-8.16
-6.77
-5.47
-4.24
-3.08
-1.99
-0.99
-0.08
0.73
1.45
2.08
2.62
3.09
3.50
3.84
4.12
4.36
4.55
4.72
4.85
4.99
5.12
5.27
5.44
5.65
5.90
6.20
6.56
6.96
7.40
7.88
8.39
8.91
9.44
9.95
10.43
10.86
11.22
11.48
11.63
11.65
11.54
11.29
10.90
10.40
9.79
9.11
8.37
7.61
6.84
6.08
5.33
4.60
3.89
3.16
2.39
1.52
0.49
-0.77
-2.35
-4.35
-6.86
-9.98
-13.80
-18.41
-23.88
-30.27
-37.62
-45.91
-55.11
-65.10
-75.73
-86.79
-98.09
-109.39
-120.50
-131.23
-141.46
-151.10
-160.14
-168.59
-176.53
-184.04
-191.23
-198.19
-205.04
-211.80
-218.52
-225.17
-231.76
-238.26
-244.64
-250.85
-256.77
-262.31
-267.33
-271.74
-275.44
-278.32
-280.29
-281.26
-281.14
-279.88
-277.47
-273.94
-269.35
-263.77
-257.32
-250.14
-242.40
-234.31
-226.03
-217.75
-209.60
-201.71
-194.17
-187.05
-180.39
-174.19
-168.44
-163.10
-158.09
-153.37
-148.85
-144.47
-140.19
-135.99
-131.88
-127.91
-124.15
-120.69
-117.63
-115.06
-113.05
-111.68
-110.98
-110.99
-111.68
-113.03
-115.00
-117.54
-120.62
-124.20
-128.20
-132.56
-137.22
-142.04
-146.86
-151.50
-155.76
-159.45
-162.47
-164.83
-166.58
-167.89
-168.93
-169.90
-170.99
-172.35
-174.07
-176.20
-178.77
-181.77
-185.19
-188.99
-193.12
-197.53
-202.15
-206.91
-211.72
-216.50
-221.19
-225.77
-230.26
-234.70
-239.18
-243.84
-248.81
-254.24
-260.27
-267.04
-274.63
-283.09
-292.47
-302.79
-314.03
-326.12
-338.91
-352.23
-365.89
-379.63
-393.20
-406.39
-418.99
-430.82
-441.74
-451.65
-460.49
-468.24
-474.90
-480.55
-485.26
-489.15
-492.40
-495.16
-497.62
-499.93
-502.18
-504.44
-506.75
-509.09
-511.39
-513.53
-515.30
-516.48
-516.84
-516.16
-514.24
-510.92
-506.11
-499.79
-492.04
-482.98
-472.74
-461.52
-449.48
-436.80
-423.60
-410.00
-396.10
-382.07
-368.04
-354.18
-340.66
-327.63
-315.20
-303.47
-292.54
-282.47
-273.33
-265.14
-257.90
-251.62
-246.30
-241.97
-238.61
-236.21
-234.75
-234.20
-234.51
-235.61
-237.43
-239.89
-242.89
-246.35
-250.16
-254.22
-258.41
-262.63
-266.74
-270.64
-274.20
-277.27
-279.73
-281.43
-282.30
-282.30
-281.50
-280.04
-278.11
-275.98
-273.91
-272.15
-270.92
-270.40
-270.68
-271.79
-273.71
-276.32
-279.49
-283.07
-286.93
-290.94
-295.01
-299.05
-303.02
-306.89
-310.67
-314.36
-317.99
-321.59
-325.20
-328.85
-332.60
-336.47
-340.53
-344.81
-349.34
-354.14
-359.20
-364.47
-369.85
-375.23
-380.53
-385.65
-390.50
-395.01
-399.13
-402.86
-406.26
-409.43
-412.53
-415.74
-419.32
-423.57
-428.80
-435.32
-443.38
-453.14
-464.68
-478.01
-493.00
-509.39
-526.76
-544.54
-562.04
-578.59
-593.53
-606.32
-616.50
-623.74
-627.85
-628.77
-626.55
-621.37
-613.58
-603.58
-591.85
-578.90
-565.29
-551.59
-538.42
-526.34
-515.86
-507.33
-500.93
-496.66
-494.36
-493.77
-494.55
-496.31
-498.69
-501.40
-504.22
-507.06
-509.95
-512.99
-516.30
-519.95
-523.91
-528.13
-532.50
-536.89
-541.12
-545.03
-548.49
-551.43
-553.78
-555.53
-556.65
-557.02
-556.50
-554.91
-552.07
-547.83
-542.12
-534.97
-526.59
-517.24
-507.25
-497.00
-486.86
-477.24
-468.51
-460.96
-454.76
-449.98
-446.53
-444.26
-442.91
-442.16
-441.69
-441.13
-440.15
-438.46
-435.88
-432.30
-427.75
-422.26
-415.91
-408.79
-401.03
-392.75
-384.12
-375.31
-366.48
-357.74
-349.25
-341.11
-333.45
-326.35
-319.85
-313.95
-308.59
-303.70
-299.16
-294.86
-290.69
-286.55
-282.37
-278.09
-273.68
-269.11
-264.41
-259.59
-254.69
-249.71
-244.71
-239.74
-234.86
-230.15
-225.63
-221.32
-217.17
-213.14
-209.09
-204.89
-200.36
-195.33
-189.65
-183.23
-176.04
-168.14
-159.62
-150.66
-141.46
-132.24
-123.21
-114.57
-106.49
-99.08
-92.41
-86.53
-81.40
-76.99
-73.23
-70.05
-67.37
-65.10
-63.15
-61.41
-59.80
-58.25
-56.68
-55.04
-53.31
-51.50
-49.62
-47.71
-45.83
-44.03
-42.35
-40.84
-39.53
-38.42
-37.51
-36.78
-36.24
-35.84
-35.56
-35.39
-35.30
-35.26
-35.27
-35.31
-35.37
-35.46
-35.55
-35.64
-35.74
-35.86
-35.98
-36.14
-36.35
-36.62
-36.94
-37.32
-37.74
-38.18
-38.62
-39.02
-39.34
-39.55
-39.60
-39.47
-39.13
-38.58
-37.84
-36.93
-35.90
-34.81
-33.71
-32.66
-31.72
-30.91
-30.26
-29.78
-29.47
-29.32
-29.30
-29.40
-29.61
-29.90
-30.27
-30.70
-31.18
-31.69
-32.24
-32.79
-33.33
-33.85
-34.31
-34.70
-34.96
-35.09
-35.04
-34.80
-34.38
-33.77
-32.98
-32.04
-30.96
-29.74
-28.41
-26.97
-25.43
-23.80
-22.11
-20.39
-18.68
-17.01
-15.45
-14.00
-12.72
-11.62
-10.70
-9.98
-9.43
-9.05
-8.81
-8.68
-8.63
-8.63
-8.65
-8.65
-8.60
-8.49
-8.29
-8.01
-7.64
-7.18
-6.66
-6.09
-5.49
-4.89
-4.30
-3.74
-3.23
-2.77
-2.36
-2.00
-1.67
-1.37
-1.10
-0.84
-0.58
-0.31
-0.04
0.24
0.51
0.78
1.03
1.26
1.47
1.64
1.78
1.90
1.98
2.03
2.05
2.04
2.00
1.94
1.87
1.82
1.79
1.82
1.90
2.05
2.26
2.52
2.82
3.13
3.43
3.68
3.88
4.00
4.03
3.97
3.82
3.60
3.32
3.02
2.70
2.41
2.16
1.96
1.84
1.80
1.85
1.97
2.18
2.44
2.76
3.11
3.47
3.83
4.17
4.49
4.78
5.02
5.21
5.34
5.39
5.33
5.16
4.85
4.39
3.76
2.96
2.00
0.89
-0.34
-1.66
-3.05
-4.48
-5.91
-7.33
-8.71
-10.08
-11.44
-12.82
-14.26
-15.78
-17.42
-19.21
-21.16
-23.32
-25.70
-28.30
-31.12
-34.13
-37.29
-40.56
-43.87
-47.19
-50.47
-53.70
-56.86
-59.97
-63.03
-66.06
-69.06
-72.04
-75.02
-77.97
-80.89
-83.79
-86.67
-89.56
-92.49
-95.53
-98.74
-102.21
-106.02
-110.22
-114.86
-119.97
-125.56
-131.59
-138.07
-144.92
-152.11
-159.54
-167.13
-174.76
-182.29
-189.54
-196.30
-202.37
-207.52
-211.62
-214.59
-216.44
-217.23
-217.10
-216.18
-214.63
-212.61
-210.24
-207.67
-205.04
-202.47
-200.10
-198.05
-196.41
-195.26
-194.67
-194.65
-195.19
-196.21
-197.58
-199.21
-201.01
-202.95
-205.04
-207.36
-210.01
-213.11
-216.76
-221.04
-225.96
-231.47
-237.50
-243.99
-250.84
-258.01
-265.46
-273.19
-281.23
-289.61
-298.35
-307.49
-317.01
-326.88
-337.05
-347.43
-357.95
-368.57
-379.30
-390.23
-401.47
-413.19
-425.57
-438.74
-452.78
-467.72
-483.53
-500.10
-517.28
-534.88
-552.73
-570.60
-588.24
-605.32
-621.52
-636.48
-649.91
-661.55
-671.27
-679.07
-685.16
-689.84
-693.57
-696.81
-700.07
-703.78
-708.35
-714.07
-721.15
-729.70
-739.77
-751.33
-764.30
-778.49
-793.67
-809.53
-825.73
-841.86
-857.49
-872.19
-885.55
-897.23
-906.95
-914.53
-919.93
-923.20
-924.41
-923.65
-921.03
-916.69
-910.80
-903.58
-895.29
-886.25
-876.80
-867.23
-857.78
-848.63
-839.86
-831.49
-823.44
-815.64
-807.97
-800.42
-793.01
-785.86
-779.18
-773.21
-768.13
-764.09
-761.09
-759.00
-757.58
-756.55
-755.59
-754.44
-752.85
-750.63
-747.69
-743.96
-739.46
-734.23
-728.34
-721.89
-714.95
-707.60
-699.90
-691.94
-683.83
-675.73
-667.83
-660.32
-653.35
-647.02
-641.31
-636.16
-631.39
-626.86
-622.40
-617.91
-613.31
-608.54
-603.57
-598.39
-593.04
-587.56
-582.01
-576.48
-571.07
-565.85
-560.93
-556.37
-552.18
-548.30
-544.61
-540.91
-536.96
-532.50
-527.26
-521.03
-513.66
-505.06
-495.22
-484.16
-471.92
-458.54
-444.07
-428.59
-412.18
-394.93
-376.96
-358.44
-339.61
-320.71
-301.95
-283.53
-265.58
-248.21
-231.49
-215.50
-200.29
-185.91
-172.38
-159.68
-147.81
-136.75
-126.50
-117.02
-108.29
-100.24
-92.82
-85.96
-79.59
-73.65
-68.07
-62.79
-57.77
-52.97
-48.38
-43.98
-39.79
-35.82
-32.10
-28.66
-25.53
-22.75
-20.34
-18.31
-16.69
-15.49
-14.71
-14.34
-14.36
-14.75
-15.44
-16.41
-17.60
-18.98
-20.49
-22.08
-23.72
-25.36
-26.99
-28.55
-30.02
-31.40
-32.66
-33.81
-34.82
-35.72
-36.49
-37.14
-37.70
-38.19
-38.65
-39.12
-39.65
-40.28
-41.04
-41.94
-43.02
-44.28
-45.72
-47.35
-49.14
-51.10
-53.19
-55.38
-57.66
-60.03
-62.47
-64.98
-67.57
-70.27
-73.07
-75.99
-79.02
-82.15
-85.34
-88.51
-91.57
-94.43
-96.97
-99.09
-100.68
-101.70
-102.09
-101.86
-101.02
-99.59
-97.63
-95.19
-92.36
-89.19
-85.76
-82.10
-78.27
-74.26
-70.11
-65.82
-61.43
-56.94
-52.36
-47.71
-42.99
-38.24
-33.47
-28.74
-24.09
-19.57
-15.22
-11.12
-7.30
-3.84
-0.75
1.93
4.18
6.00
7.40
8.39
9.02
9.30
9.30
9.07
8.65
8.10
7.47
6.79
6.11
5.45
4.83
4.25
3.74
3.29
2.90
2.58
2.30
2.07
1.87
1.69
1.50
1.31
1.09
0.84
0.57
0.28
0.00
-0.23
-0.39
-0.42
-0.28
0.09
0.74
1.68
2.91
4.40
6.08
7.84
9.58
11.20
12.58
13.67
14.42
14.85
14.99
14.88
14.60
14.18
13.67
13.10
12.49
11.84
11.12
10.31
9.37
8.24
6.86
5.16
3.08
0.56
-2.46
-6.02
-10.15
-14.83
-20.03
-25.67
-31.65
-37.87
-44.20
-50.50
-56.64
-62.49
-67.91
-72.81
-77.12
-80.83
-83.96
-86.57
-88.76
-90.63
-92.29
-93.84
-95.35
-96.90
-98.52
-100.23
-102.05
-103.98
-105.99
-108.05
-110.10
-112.06
-113.85
-115.39
-116.57
-117.33
-117.59
-117.36
-116.63
-115.48
-113.96
-112.16
-110.18
-108.11
-106.03
-104.07
-102.32
-100.86
-99.77
-99.13
-98.99
-99.43
-100.50
-102.21
-104.60
-107.64
-111.30
-115.52
-120.20
-125.21
-130.42
-135.67
-140.80
-145.66
-150.09
-153.96
-157.14
-159.54
-161.08
-161.69
-161.32
-159.97
-157.66
-154.46
-150.47
-145.82
-140.60
-134.92
-128.86
-122.48
-115.88
-109.10
-102.19
-95.22
-88.25
-81.34
-74.53
-67.88
-61.40
-55.13
-49.05
-43.19
-37.55
-32.14
-26.99
-22.11
-17.53
-13.27
-9.35
-5.78
-2.58
0.28
2.79
4.97
6.84
8.43
9.77
10.87
11.78
12.51
13.10
13.55
13.89
14.13
14.26
14.28
14.20
13.99
13.67
13.24
12.71
12.11
11.43
10.73
10.02
9.34
8.71
8.16
7.72
7.39
7.21
7.16
7.25
7.48
7.81
8.22
8.68
9.15
9.60
10.02
10.37
10.65
10.85
10.98
11.04
11.06
11.07
11.09
11.16
11.32
11.58
11.94
12.40
12.91
13.46
13.99
14.47
14.85
15.11
15.26
15.31
15.29
15.22
15.15
15.10
15.10
15.18
15.35
15.62
15.98
16.45
17.02
17.68
18.42
19.22
20.06
20.90
21.69
22.40
22.96
23.33
23.48
23.40
23.10
22.58
21.91
21.11
20.23
19.32
18.41
17.54
16.72
15.97
15.28
14.65
14.07
13.52
12.97
12.40
11.78
11.09
10.32
9.43
8.45
7.37
6.22
5.03
3.83
2.66
1.56
0.57
-0.31
-1.08
-1.75
-2.34
-2.88
-3.38
-3.88
-4.39
-4.94
-5.53
-6.15
-6.81
-7.48
-8.13
-8.72
-9.20
-9.51
-9.61
-9.47
-9.10
-8.51
-7.78
-6.95
-6.11
-5.34
-4.68
-4.20
-3.93
-3.93
-4.22
-4.84
-5.83
-7.19
-8.92
-10.96
-13.23
-15.62
-17.94
-19.99
-21.59
-22.58
-22.86
-22.41
-21.32
-19.72
-17.80
-15.75
-13.74
-11.91
-10.33
-9.04
-8.05
-7.33
-6.85
-6.57
-6.45
-6.44
-6.51
-6.63
-6.76
-6.87
-6.91
-6.87
-6.69
-6.36
-5.85
-5.17
-4.35
-3.43
-2.47
-1.52
-0.66
0.07
0.63
0.98
1.10
0.98
0.63
0.09
-0.60
-1.40
-2.25
-3.11
-3.98
-4.84
-5.72
-6.68
-7.78
-9.10
-10.70
-12.63
-14.95
-17.67
-20.81
-24.37
-28.30
-32.57
-37.08
-41.74
-46.44
-51.04
-55.40
-59.36
-62.82
-65.69
-67.96
-69.64
-70.80
-71.57
-72.07
-72.51
-73.05
-73.85
-75.08
-76.86
-79.28
-82.39
-86.19
-90.59
-95.46
-100.60
-105.74
-110.55
-114.70
-117.86
-119.79
-120.27
-119.22
-116.61
-112.53
-107.12
-100.57
-93.11
-85.00
-76.51
-67.91
-59.45
-51.33
-43.71
-36.72
-30.43
-24.90
-20.13
-16.11
-12.78
-10.06
-7.85
-6.05
-4.59
-3.37
-2.33
-1.40
-0.50
0.40
1.34
2.31
3.30
4.30
5.25
6.11
6.85
7.41
7.79
7.97
7.98
7.83
7.57
7.25
6.90
6.57
6.28
6.06
5.92
5.85
5.86
5.93
6.06
6.22
6.40
6.59
6.77
6.93
7.06
7.17
7.23
7.26
7.26
7.25
7.23
7.21
7.21
7.24
7.31
7.41
7.55
7.69
7.78
7.80
7.69
7.38
6.85
6.03
4.93
3.55
1.92
0.13
-1.74
-3.60
-5.35
-6.96
-8.37
-9.60
-10.64
-11.50
-12.15
-12.56
-12.67
-12.40
-11.72
-10.61
-9.09
-7.24
-5.14
-2.93
-0.73
1.35
3.23
4.85
6.18
7.20
7.92
8.32
8.43
8.27
7.85
7.22
6.41
5.46
4.40
3.25
2.01
0.63
-0.91
-2.65
-4.66
-6.97
-9.62
-12.63
-15.97
-19.61
-23.50
-27.54
-31.65
-35.70
-39.57
-43.10
-46.15
-48.57
-50.26
-51.17
-51.30
-50.74
-49.61
-48.06
-46.27
-44.43
-42.68
-41.17
-39.98
-39.19
-38.86
-39.02
-39.71
-40.92
-42.69
-45.00
-47.82
-51.10
-54.74
-58.63
-62.62
-66.56
-70.28
-73.58
-76.29
-78.25
-79.35
-79.50
-78.67
-76.84
-74.07
-70.42
-66.00
-60.97
-55.48
-49.70
-43.81
-37.94
-32.20
-26.72
-21.57
-16.82
-12.52
-8.70
-5.35
-2.46
-0.01
2.06
3.80
5.30
6.66
7.95
9.29
10.73
12.35
14.16
16.16
18.32
20.61
22.94
25.28
27.54
29.65
31.53
33.11
34.31
35.09
35.40
35.22
34.56
33.46
31.98
30.20
28.24
26.17
24.09
22.08
20.20
18.51
17.06
15.85
14.90
14.19
13.72
13.46
13.39
13.48
13.72
14.11
14.63
15.29
16.08
16.97
17.97
19.03
20.13
21.22
22.26
23.21
24.04
24.73
25.25
25.58
25.72
25.64
25.35
24.83
24.07
23.05
21.78
20.25
18.48
16.49
14.30
11.96
9.50
6.96
4.38
1.76
-0.89
-3.56
-6.27
-9.04
-11.89
-14.82
-17.86
-20.99
-24.22
-27.52
-30.87
-34.21
-37.53
-40.76
-43.87
-46.82
-49.55
-52.04
-54.22
-56.08
-57.58
-58.71
-59.47
-59.86
-59.93
-59.75
-59.39
-58.94
-58.53
-58.26
-58.24
-58.56
-59.29
-60.48
-62.13
-64.22
-66.69
-69.45
-72.42
-75.48
-78.52
-81.44
-84.18
-86.67
-88.88
-90.78
-92.41
-93.80
-95.02
-96.13
-97.14
-98.07
-98.88
-99.54
-100.02
-100.29
-100.34
-100.20
-99.88
-99.45
-98.96
-98.48
-98.08
-97.85
-97.84
-98.09
-98.64
-99.51
-100.69
-102.19
-103.98
-106.03
-108.26
-110.62
-113.05
-115.49
-117.88
-120.15
-122.24
-124.10
-125.70
-127.01
-128.01
-128.70
-129.08
-129.16
-128.98
-128.58
-128.02
-127.39
-126.75
-126.17
-125.72
-125.46
-125.41
-125.61
-126.03
-126.65
-127.44
-128.31
-129.23
-130.11
-130.90
-131.54
-131.97
-132.17
-132.10
-131.76
-131.16
-130.33
-129.30
-128.15
-126.92
-125.67
-124.47
-123.34
-122.31
-121.37
-120.48
-119.60
-118.69
-117.72
-116.67
-115.56
-114.45
-113.41
-112.54
-111.93
-111.67
-111.84
-112.48
-113.64
-115.33
-117.55
-120.26
-123.44
-127.03
-130.96
-135.20
-139.66
-144.29
-148.99
-153.67
-158.22
-162.53
-166.46
-169.90
-172.77
-174.99
-176.55
-177.43
-177.69
-177.40
-176.64
-175.50
-174.05
-172.36
-170.51
-168.58
-166.65
-164.83
-163.19
-161.84
-160.87
-160.36
-160.37
-160.95
-162.06
-163.67
-165.71
-168.05
-170.56
-173.11
-175.54
-177.76
-179.69
-181.29
-182.57
-183.57
-184.39
-185.11
-185.87
-186.79
-188.00
-189.63
-191.77
-194.54
-197.98
-202.15
-207.05
-212.67
-218.97
-225.88
-233.32
-241.20
-249.41
-257.88
-266.56
-275.40
-284.43
-293.68
-303.23
-313.18
-323.62
-334.64
-346.27
-358.49
-371.20
-384.21
-397.24
-409.96
-421.98
-432.92
-442.43
-450.25
-456.21
-460.28
-462.54
-463.17
-462.37
-460.28
-457.00
-452.58
-447.07
-440.53
-433.03
-424.71
-415.74
-406.35
-396.76
-387.25
-378.05
-369.36
-361.38
-354.24
-348.03
-342.81
-338.63
-335.48
-333.34
-332.19
-331.96
-332.59
-333.99
-336.04
-338.64
-341.65
-344.94
-348.33
-351.68
-354.80
-357.54
-359.74
-361.27
-362.08
-362.18
-361.64
-360.54
-359.00
-357.13
-355.05
-352.85
-350.61
-348.41
-346.35
-344.53
-343.06
-342.05
-341.63
-341.92
-343.07
-345.20
-348.48
-353.04
-358.95
-366.23
-374.82
-384.61
-395.46
-407.08
-419.15
-431.25
-442.96
-453.88
-463.68
-472.10
-478.97
-484.23
-487.99
-490.46
-491.95
-492.82
-493.49
-494.31
-495.57
-497.47
-500.10
-503.47
-507.49
-511.98
-516.68
-521.35
-525.75
-529.67
-533.01
-535.75
-537.98
-539.91
-541.83
-544.07
-546.94
-550.70
-555.58
-561.72
-569.22
-578.11
-588.36
-599.90
-612.57
-626.18
-640.46
-655.13
-669.86
-684.32
-698.21
-711.33
-723.56
-734.85
-745.18
-754.55
-762.94
-770.31
-776.62
-781.82
-785.87
-788.72
-790.32
-790.61
-789.59
-787.27
-783.74
-779.09
-773.42
-766.86
-759.61
-751.87
-743.93
-736.09
-728.57
-721.57
-715.18
-709.42
-704.28
-699.72
-695.69
-692.15
-689.06
-686.43
-684.28
-682.63
-681.46
-680.74
-680.42
-680.42
-680.63
-680.93
-681.13
-681.11
-680.75
-680.01
-678.88
-677.43
-675.80
-674.16
-672.78
-671.97
-672.05
-673.32
-676.11
-680.65
-687.15
-695.69
-706.28
-718.77
-732.85
-748.06
-763.84
-779.56
-794.61
-808.44
-820.58
-830.74
-838.77
-844.71
-848.77
-851.31
-852.78
-853.72
-854.68
-856.11
-858.29
-861.34
-865.24
-869.85
-874.95
-880.26
-885.47
-890.31
-894.60
-898.20
-901.05
-903.18
-904.68
-905.75
-906.69
-907.83
-909.59
-912.43
-916.84
-923.26
-932.03
-943.39
-957.39
-973.98
-992.91
-1013.81
-1036.22
-1059.66
-1083.69
-1107.91
-1131.95
-1155.51
-1178.25
-1199.81
-1219.79
-1237.72
-1253.08
-1265.44
-1274.41
-1279.75
-1281.46
-1279.75
-1275.06
-1268.01
-1259.24
-1249.48
-1239.35
-1229.41
-1220.09
-1211.72
-1204.51
-1198.58
-1193.94
-1190.47
-1187.99
-1186.26
-1184.97
-1183.82
-1182.49
-1180.75
-1178.46
-1175.63
-1172.30
-1168.60
-1164.67
-1160.64
-1156.65
-1152.84
-1149.27
-1145.98
-1142.99
-1140.36
-1138.23
-1136.79
-1136.28
-1136.95
-1139.01
-1142.70
-1148.21
-1155.74
-1165.43
-1177.31
-1191.34
-1207.37
-1225.22
-1244.76
-1265.84
-1288.34
-1312.20
-1337.37
-1363.82
-1391.49
-1420.28
-1450.06
-1480.60
-1511.66
-1542.94
-1574.12
-1604.95
-1635.19
-1664.67
-1693.23
-1720.79
-1747.39
-1773.08
-1797.84
-1821.56
-1843.97
-1864.61
-1882.88
-1898.08
-1909.58
-1916.86
-1919.69
-1918.05
-1912.20
-1902.68
-1890.22
-1875.80
-1860.44
-1845.15
-1830.83
-1818.20
-1807.76
-1799.90
-1794.93
-1792.95
-1793.93
-1797.73
-1804.10
-1812.69
-1823.05
-1834.57
-1846.49
-1858.00
-1868.27
-1876.58
-1882.35
-1885.29
-1885.43
-1883.06
-1878.66
-1872.77
-1865.89
-1858.41
-1850.50
-1842.21
-1833.42
-1823.99
-1813.75
-1802.65
-1790.82
-1778.55
-1766.31
-1754.60
-1743.84
-1734.15
-1725.30
-1716.70
-1707.39
-1696.13
-1681.59
-1662.56
-1638.19
-1608.07
-1572.43
-1532.07
-1488.26
-1442.54
-1396.56
-1351.90
-1309.87
-1271.44
-1237.20
-1207.45
-1182.25
-1161.43
-1144.64
-1131.35
-1120.92
-1112.70
-1106.09
-1100.55
-1095.73
-1091.42
-1087.61
-1084.41
-1082.05
-1080.89
-1081.33
-1083.84
-1088.80
-1096.54
-1107.22
-1120.83
-1137.13
-1155.67
-1175.71
-1196.36
-1216.59
-1235.40
-1251.95
-1265.52
-1275.66
-1282.18
-1285.16
-1284.89
-1281.70
-1275.95
-1267.93
-1257.86
-1245.92
-1232.23
-1216.88
-1200.03
-1181.92
-1162.88
-1143.31
-1123.72
-1104.63
-1086.56
-1070.02
-1055.42
-1043.07
-1033.17
-1025.80
-1020.97
-1018.57
-1018.52
-1020.69
-1024.95
-1031.23
-1039.47
-1049.66
-1061.79
-1075.80
-1091.63
-1109.19
-1128.41
-1149.20
-1171.45
-1195.06
-1219.89
-1245.70
-1272.17
-1298.81
-1325.03
-1350.08
-1373.14
-1393.34
-1409.90
-1422.25
-1430.09
-1433.46
-1432.69
-1428.39
-1421.30
-1412.20
-1401.87
-1390.98
-1380.12
-1369.79
-1360.40
-1352.27
-1345.68
-1340.90
-1338.15
-1337.60
-1339.39
-1343.66
-1350.49
-1359.92
-1371.92
-1386.30
-1402.75
-1420.82
-1439.96
-1459.59
-1479.04
-1497.57
-1514.48
-1529.10
-1540.85
-1549.25
-1553.96
-1554.75
-1551.46
-1544.12
-1532.95
-1518.39
-1501.03
-1481.61
-1460.97
-1439.86
-1418.95
-1398.71
-1379.33
-1360.81
-1342.95
-1325.53
-1308.31
-1291.07
-1273.70
-1256.14
-1238.47
-1220.76
-1203.06
-1185.40
-1167.80
-1150.32
-1133.06
-1116.07
-1099.41
-1083.09
-1067.03
-1051.10
-1035.03
-1018.50
-1001.04
-982.20
-961.53
-938.72
-913.55
-886.00
-856.21
-824.52
-791.45
-757.59
-723.51
-689.76
-656.81
-625.05
-594.76
-566.14
-539.26
-514.08
-490.51
-468.38
-447.51
-427.76
-409.02
-391.21
-374.33
-358.39
-343.46
-329.65
-317.06
-305.74
-295.71
-286.94
-279.35
-272.81
-267.16
-262.19
-257.71
-253.54
-249.55
-245.66
-241.83
-238.08
-234.46
-231.06
-227.95
-225.21
-222.89
-220.99
-219.49
-218.36
-217.51
-216.83
-216.20
-215.49
-214.57
-213.34
-211.71
-209.61
-207.01
-203.92
-200.35
-196.39
-192.11
-187.57
-182.83
-177.95
-172.98
-167.98
-163.01
-158.12
-153.36
-148.77
-144.39
-140.26
-136.43
-132.92
-129.75
-126.94
-124.49
-122.40
-120.65
-119.21
-118.06
-117.17
-116.50
-116.04
-115.76
-115.63
-115.64
-115.78
-116.01
-116.32
-116.66
-117.00
-117.27
-117.45
-117.47
-117.31
-116.92
-116.26
-115.31
-114.05
-112.51
-110.67
-108.55
-106.19
-103.63
-100.91
-98.09
-95.22
-92.34
-89.48
-86.71
-84.03
-81.47
-79.04
-76.73
-74.54
-72.47
-70.51
-68.65
-66.90
-65.25
-63.68
-62.18
-60.74
-59.34
-57.96
-56.58
-55.17
-53.73
-52.22
-50.66
-49.04
-47.34
-45.57
-43.73
-41.82
-39.84
-37.81
-35.75
-33.69
-31.65
-29.67
-27.78
-26.01
-24.40
-22.96
-21.70
-20.63
-19.73
-19.00
-18.38
-17.87
-17.40
-16.97
-16.52
-16.04
-15.51
-14.90
-14.23
-13.50
-12.71
-11.88
-11.02
-10.15
-9.28
-8.41
-7.55
-6.71
-5.87
-5.03
-4.18
-3.33
-2.46
-1.57
-0.67
0.22
1.11
1.95
2.73
3.42
3.98
4.40
4.65
4.73
4.64
4.40
4.04
3.59
3.10
2.61
2.18
1.82
1.57
1.44
1.42
1.51
1.67
1.88
2.12
2.36
2.59
2.78
2.92
3.02
3.07
3.09
3.09
3.07
3.07
3.10
3.17
3.31
3.51
3.77
4.08
4.43
4.78
5.12
5.42
5.65
5.79
5.83
5.74
5.54
5.22
4.78
4.23
3.59
2.87
2.09
1.26
0.41
-0.44
-1.27
-2.06
-2.80
-3.46
-4.05
-4.56
-4.98
-5.32
-5.59
-5.79
-5.93
-6.03
-6.07
-6.06
-6.00
-5.88
-5.72
-5.51
-5.23
-4.91
-4.53
-4.10
-3.63
-3.13
-2.62
-2.11
-1.64
-1.22
-0.88
-0.66
-0.59
-0.69
-1.00
-1.52
-2.28
-3.28
-4.51
-5.98
-7.66
-9.52
-11.52
-13.61
-15.74
-17.86
-19.90
-21.83
-23.62
-25.23
-26.65
-27.86
-28.87
-29.68
-30.31
-30.79
-31.13
-31.37
-31.51
-31.58
-31.60
-31.56
-31.49
-31.39
-31.29
-31.22
-31.19
-31.22
-31.32
-31.50
-31.78
-32.16
-32.65
-33.26
-33.98
-34.81
-35.72
-36.68
-37.65
-38.58
-39.42
-40.10
-40.60
-40.86
-40.89
-40.70
-40.32
-39.79
-39.15
-38.46
-37.76
-37.11
-36.57
-36.18
-36.00
-36.04
-36.35
-36.93
-37.81
-38.97
-40.41
-42.08
-43.94
-45.95
-48.03
-50.11
-52.10
-53.95
-55.57
-56.90
-57.88
-58.46
-58.61
-58.30
-57.56
-56.39
-54.85
-53.00
-50.87
-48.55
-46.10
-43.59
-41.11
-38.71
-36.45
-34.41
-32.64
-31.17
-30.03
-29.25
-28.81
-28.69
-28.87
-29.29
-29.88
-30.61
-31.41
-32.26
-33.16
-34.15
-35.28
-36.63
-38.31
-40.41
-43.07
-46.36
-50.38
-55.20
-60.89
-67.50
-75.09
-83.69
-93.32
-103.97
-115.65
-128.36
-142.10
-156.86
-172.63
-189.38
-207.08
-225.71
-245.26
-265.73
-287.09
-309.32
-332.34
-356.09
-380.40
-405.01
-429.63
-453.91
-477.48
-500.02
-521.20
-540.65
-558.01
-572.97
-585.25
-594.73
-601.35
-605.13
-606.18
-604.68
-600.90
-595.23
-588.02
-579.68
-570.60
-561.15
-551.72
-542.64
-534.24
-526.81
-520.56
-515.65
-512.21
-510.28
-509.94
-511.18
-513.97
-518.24
-523.93
-530.96
-539.25
-548.72
-559.27
-570.81
-583.20
-596.31
-610.05
-624.25
-638.76
-653.38
-667.89
-682.05
-695.64
-708.48
-720.41
-731.27
-740.94
-749.30
-756.29
-761.96
-766.39
-769.70
-772.04
-773.56
-774.40
-774.73
-774.70
-774.44
-774.09
-773.72
-773.35
-772.97
-772.59
-772.25
-771.98
-771.88
-772.13
-772.95
-774.58
-777.30
-781.35
-786.95
-794.26
-803.41
-814.46
-827.35
-841.97
-858.09
-875.44
-893.70
-912.43
-931.19
-949.47
-966.78
-982.65
-996.71
-1008.71
-1018.56
-1026.30
-1032.13
-1036.37
-1039.46
-1041.95
-1044.42
-1047.39
-1051.33
-1056.63
-1063.63
-1072.63
-1083.82
-1097.31
-1113.14
-1131.29
-1151.61
-1173.81
-1197.51
-1222.31
-1247.78
-1273.49
-1299.05
-1324.13
-1348.46
-1371.86
-1394.20
-1415.43
-1435.55
-1454.61
-1472.66
-1489.71
-1505.69
-1520.41
-1533.66
-1545.25
-1555.00
-1562.81
-1568.64
-1572.60
-1574.89
-1575.89
-1576.10
-1576.06
-1576.27
-1577.15
-1578.98
-1581.98
-1586.28
-1592.03
-1599.31
-1608.18
-1618.57
-1630.40
-1643.49
-1657.64
-1672.66
-1688.35
-1704.53
-1721.09
-1737.99
-1755.22
-1772.84
-1790.89
-1809.44
-1828.52
-1848.13
-1868.13
-1888.28
-1908.28
-1927.80
-1946.43
-1963.70
-1979.13
-1992.24
-2002.62
-2009.99
-2014.18
-2015.21
-2013.25
-2008.63
-2001.77
-1993.11
-1983.03
-1971.80
-1959.53
-1946.15
-1931.45
-1915.13
-1896.89
-1876.51
-1853.99
-1829.53
-1803.51
-1776.40
-1748.67
-1720.74
-1692.92
-1665.39
-1638.22
-1611.41
-1584.88
-1558.56
-1532.37
-1506.34
-1480.58
-1455.35
-1431.04
-1408.15
-1387.29
-1369.04
-1354.04
-1342.89
-1336.14
-1334.28
-1337.68
-1346.44
-1360.52
-1379.68
-1403.53
-1431.48
-1462.84
-1496.76
-1532.41
-1568.92
-1605.55
-1641.65
-1676.65
-1710.15
-1741.91
-1771.79
-1799.71
-1825.62
-1849.49
-1871.36
-1891.32
-1909.50
-1926.00
-1940.96
-1954.60
-1967.21
-1979.06
-1990.37
-2001.31
-2011.97
-2022.32
-2032.30
-2041.89
-2051.17
-2060.24
-2069.25
-2078.37
-2087.74
-2097.52
-2107.80
-2118.62
-2129.94
-2141.57
-2153.19
-2164.30
-2174.20
-2182.07
-2186.94
-2187.78
-2183.60
-2173.42
-2156.34
-2131.68
-2099.09
-2058.60
-2010.61
-1955.94
-1895.79
-1831.61
-1764.97
-1697.45
-1630.48
-1565.17
-1502.31
-1442.42
-1385.85
-1332.88
-1283.71
-1238.42
-1197.04
-1159.61
-1126.13
-1096.61
-1071.00
-1049.12
-1030.73
-1015.54
-1003.17
-993.15
-984.97
-978.06
-971.90
-965.99
-959.89
-953.19
-945.64
-937.14
-927.76
-917.67
-907.14
-896.48
-886.05
-876.17
-867.05
-858.76
-851.23
-844.29
-837.69
-831.18
-824.49
-817.41
-809.78
-801.56
-792.83
-783.81
-774.84
-766.31
-758.63
-752.13
-747.05
-743.51
-741.53
-741.00
-741.75
-743.55
-746.21
-749.51
-753.33
-757.55
-762.09
-766.89
-771.82
-776.76
-781.54
-786.01
-790.02
-793.47
-796.30
-798.60
-800.54
-802.44
-804.65
-807.62
-811.80
-817.67
-825.70
-836.40
-850.20
-867.52
-888.69
-913.91
-943.28
-976.75
-1014.07
-1054.84
-1098.42
-1143.99
-1190.53
-1236.90
-1281.90
-1324.44
-1363.65
-1398.87
-1429.74
-1456.15
-1478.23
-1496.35
-1510.96
-1522.56
-1531.66
-1538.79
-1544.39
-1548.89
-1552.66
-1556.05
-1559.43
-1563.22
-1567.80
-1573.57
-1580.84
-1589.96
-1601.21
-1614.84
-1631.02
-1649.91
-1671.57
-1695.94
-1722.79
-1751.75
-1782.29
-1813.61
-1844.76
-1874.66
-1902.22
-1926.44
-1946.53
-1961.76
-1971.63
-1975.86
-1974.48
-1967.80
-1956.39
-1940.97
-1922.41
-1901.67
-1879.69
-1857.27
-1835.10
-1813.72
-1793.49
-1774.59
-1757.11
-1740.98
-1726.05
-1712.17
-1699.23
-1687.16
-1675.94
-1665.61
-1656.31
-1648.23
-1641.63
-1636.75
-1633.78
-1632.82
-1633.86
-1636.81
-1641.47
-1647.69
-1655.21
-1663.77
-1673.10
-1682.92
-1692.98
-1703.04
-1712.98
-1722.73
-1732.30
-1741.80
-1751.41
-1761.24
-1771.36
-1781.77
-1792.39
-1803.02
-1813.40
-1823.18
-1832.05
-1839.77
-1846.20
-1851.32
-1855.19
-1858.05
-1860.23
-1862.16
-1864.22
-1866.71
-1869.79
-1873.50
-1877.74
-1882.31
-1886.93
-1891.33
-1895.28
-1898.60
-1901.15
-1902.83
-1903.57
-1903.39
-1902.40
-1900.78
-1898.75
-1896.54
-1894.40
-1892.44
-1890.68
-1888.96
-1887.06
-1884.63
-1881.19
-1876.19
-1869.02
-1859.18
-1846.35
-1830.49
-1811.85
-1790.97
-1768.58
-1745.52
-1722.67
-1700.84
-1680.65
-1662.53
-1646.65
-1632.94
-1621.15
-1610.86
-1601.65
-1593.16
-1585.03
-1576.97
-1568.66
-1559.79
-1550.06
-1539.20
-1526.95
-1513.07
-1497.36
-1479.73
-1460.22
-1438.93
-1416.14
-1392.13
-1367.23
-1341.70
-1315.85
-1289.96
-1264.29
-1239.08
-1214.49
-1190.66
-1167.64
-1145.40
-1123.83
-1102.76
-1081.95
-1061.09
-1039.90
-1018.12
-995.62
-972.41
-948.61
-924.55
-900.68
-877.49
-855.48
-835.03
-816.43
-799.90
-785.56
-773.44
-763.44
-755.36
-748.89
-743.71
-739.45
-735.71
-732.20
-728.63
-724.87
-720.89
-716.79
-712.73
-708.97
-705.79
-703.43
-702.10
-701.95
-703.04
-705.38
-708.83
-713.19
-718.16
-723.36
-728.38
-732.77
-736.12
-738.06
-738.30
-736.67
-733.16
-727.85
-720.97
-712.77
-703.61
-693.83
-683.78
-673.75
-664.00
-654.70
-645.94
-637.68
-629.82
-622.19
-614.57
-606.73
-598.44
-589.51
-579.85
-569.43
-558.33
-546.70
-534.80
-522.96
-511.52
-500.82
-491.18
-482.85
-476.01
-470.76
-467.11
-464.95
-464.05
-464.09
-464.72
-465.56
-466.30
-466.66
-466.43
-465.46
-463.69
-461.06
-457.56
-453.13
-447.66
-441.01
-433.09
-423.84
-413.32
-401.69
-389.16
-376.01
-362.52
-348.97
-335.62
-322.64
-310.17
-298.25
-286.90
-276.07
-265.71
-255.78
-246.26
-237.15
-228.50
-220.37
-212.81
-205.88
-199.63
-194.08
-189.26
-185.18
-181.82
-179.17
-177.19
-175.82
-174.97
-174.56
-174.48
-174.63
-174.93
-175.32
-175.74
-176.18
-176.64
-177.16
-177.78
-178.55
-179.55
-180.81
-182.38
-184.25
-186.41
-188.83
-191.44
-194.17
-196.94
-199.66
-202.26
-204.67
-206.87
-208.85
-210.68
-212.41
-214.13
-215.93
-217.92
-220.19
-222.84
-225.94
-229.55
-233.68
-238.32
-243.42
-248.90
-254.65
-260.56
-266.49
-272.28
-277.80
-282.91
-287.51
-291.50
-294.81
-297.41
-299.26
-300.35
-300.70
-300.29
-299.14
-297.25
-294.64
-291.32
-287.34
-282.77
-277.73
-272.32
-266.71
-261.00
-255.37
-249.92
-244.77
-240.05
-235.85
-232.23
-229.22
-226.80
-224.94
-223.53
-222.47
-221.63
-220.89
-220.15
-219.32
-218.34
-217.15
-215.71
-213.99
-211.99
-209.70
-207.14
-204.31
-201.25
-198.00
-194.62
-191.17
-187.71
-184.32
-181.04
-177.93
-175.03
-172.36
-169.95
-167.80
-165.94
-164.36
-163.06
-162.02
-161.24
-160.72
-160.47
-160.50
-160.81
-161.41
-162.26
-163.36
-164.65
-166.07
-167.55
-168.96
-170.19
-171.09
-171.52
-171.33
-170.41
-168.67
-166.07
-162.65
-158.50
-153.80
-148.75
-143.58
-138.58
-133.98
-130.02
-126.89
-124.77
-123.80
-124.10
-125.76
-128.82
-133.26
-139.05
-146.09
-154.29
-163.46
-173.41
-183.89
-194.65
-205.42
-215.96
-226.00
-235.30
-243.63
-250.85
-256.86
-261.70
-265.46
-268.33
-270.58
-272.44
-274.15
-275.90
-277.75
-279.73
-281.80
-283.87
-285.82
-287.52
-288.84
-289.70
-290.07
-289.95
-289.38
-288.41
-287.11
-285.55
-283.85
-282.08
-280.35
-278.76
-277.36
-276.19
-275.27
-274.59
-274.10
-273.76
-273.53
-273.34
-273.14
-272.89
-272.60
-272.32
-272.11
-272.06
-272.25
-272.75
-273.58
-274.72
-276.11
-277.65
-279.21
-280.68
-281.90
-282.77
-283.21
-283.19
-282.71
-281.84
-280.69
-279.37
-278.02
-276.77
-275.75
-275.09
-274.90
-275.26
-276.21
-277.77
-279.92
-282.61
-285.75
-289.25
-293.00
-296.86
-300.68
-304.30
-307.53
-310.17
-312.06
-313.08
-313.13
-312.22
-310.44
-307.92
-304.88
-301.57
-298.28
-295.33
-293.04
-291.70
-291.56
-292.78
-295.45
-299.55
-305.03
-311.76
-319.60
-328.45
-338.22
-348.91
-360.59
-373.41
-387.62
-403.46
-421.21
-441.11
-463.33
-488.00
-515.24
-545.07
-577.40
-612.03
-648.69
-687.05
-726.68
-767.04
-807.49
-847.26
-885.58
-921.66
-954.84
-984.59
-1010.65
-1032.95
-1051.53
-1066.64
-1078.61
-1087.71
-1094.20
-1098.29
-1100.17
-1099.98
-1097.80
-1093.69
-1087.69
-1079.90
-1070.44
-1059.48
-1047.16
-1033.66
-1019.09
-1003.61
-987.37
-970.64
-953.63
-936.66
-920.07
-904.16
-889.22
-875.52
-863.25
-852.57
-843.61
-836.44
-831.07
-827.50
-825.69
-825.59
-827.17
-830.38
-835.11
-841.26
-848.67
-857.19
-866.71
-877.18
-888.56
-900.81
-913.86
-927.64
-942.02
-956.78
-971.57
-985.85
-999.02
-1010.47
-1019.62
-1025.98
-1029.17
-1028.97
-1025.43
-1018.77
-1009.46
-998.10
-985.42
-972.13
-958.94
-946.47
-935.18
-925.38
-917.28
-910.98
-906.52
-903.90
-903.00
-903.71
-905.82
-909.11
-913.35
-918.34
-923.85
-929.68
-935.68
-941.70
-947.72
-953.75
-959.82
-965.99
-972.31
-978.78
-985.43
-992.24
-999.19
-1006.27
-1013.47
-1020.72
-1027.85
-1034.62
-1040.72
-1045.78
-1049.42
-1051.32
-1051.22
-1048.99
-1044.64
-1038.27
-1030.08
-1020.32
-1009.30
-997.36
-984.82
-971.94
-958.95
-946.03
-933.34
-921.04
-909.26
-898.16
-887.96
-878.88
-871.18
-865.15
-861.07
-859.24
-859.95
-863.47
-870.03
-879.83
-892.95
-909.40
-929.07
-951.73
-976.98
-1004.29
-1033.08
-1062.76
-1092.73
-1122.47
-1151.59
-1179.85
-1207.13
-1233.50
-1259.07
-1284.06
-1308.75
-1333.50
-1358.68
-1384.67
-1411.80
-1440.34
-1470.53
-1502.59
-1536.76
-1573.20
-1611.96
-1652.92
-1695.84
-1740.33
-1785.91
-1832.05
-1878.14
-1923.51
-1967.46
-2009.39
-2048.82
-2085.44
-2119.18
-2150.11
-2178.46
-2204.64
-2229.10
-2252.22
-2274.31
-2295.48
-2315.68
-2334.82
-2352.73
-2369.24
-2384.10
-2397.00
-2407.59
-2415.60
-2420.73
-2422.70
-2421.32
-2416.62
-2408.85
-2398.46
-2386.02
-2372.21
-2357.67
-2342.94
-2328.35
-2314.01
-2299.76
-2285.30
-2270.21
-2254.11
-2236.73
-2217.94
-2197.66
-2175.97
-2152.99
-2128.89
-2103.88
-2078.18
-2052.08
-2025.92
-2000.05
-1974.86
-1950.68
-1927.85
-1906.61
-1887.23
-1869.86
-1854.58
-1841.33
-1829.98
-1820.26
-1811.84
-1804.40
-1797.70
-1791.53
-1785.76
-1780.29
-1775.16
-1770.49
-1766.52
-1763.56
-1761.99
-1762.17
-1764.44
-1769.09
-1776.38
-1786.38
-1798.99
-1813.90
-1830.59
-1848.41
-1866.57
-1884.23
-1900.50
-1914.61
-1926.00
-1934.41
-1939.83
-1942.44
-1942.68
-1941.10
-1938.28
-1934.79
-1931.17
-1927.89
-1925.32
-1923.67
-1923.08
-1923.50
-1924.81
-1926.77
-1929.14
-1931.69
-1934.18
-1936.36
-1937.96
-1938.84
-1938.91
-1938.26
-1936.97
-1935.15
-1932.87
-1930.14
-1926.93
-1923.22
-1918.99
-1914.26
-1909.05
-1903.38
-1897.22
-1890.67
-1883.84
-1876.88
-1869.96
-1863.31
-1857.23
-1852.08
-1848.18
-1845.89
-1845.47
-1847.15
-1851.06
-1857.35
-1866.05
-1877.17
-1890.72
-1906.69
-1925.07
-1945.81
-1968.81
-1993.98
-2021.20
-2050.31
-2081.05
-2113.10
-2146.05
-2179.39
-2212.56
-2244.98
-2276.06
-2305.24
-2332.00
-2356.01
-2377.15
-2395.52
-2411.45
-2425.43
-2438.07
-2450.01
-2461.76
-2473.71
-2486.01
-2498.59
-2511.13
-2523.17
-2534.20
-2543.85
-2551.91
-2558.42
-2563.61
-2567.95
-2571.96
-2576.24
-2581.42
-2587.96
-2596.18
-2606.20
-2618.09
-2631.79
-2647.13
-2663.82
-2681.34
-2699.04
-2716.10
-2731.71
-2745.04
-2755.30
-2761.73
-2763.58
-2760.23
-2751.20
-2736.22
-2715.15
-2688.03
-2655.10
-2616.85
-2574.03
-2527.50
-2478.27
-2427.21
-2375.15
-2322.68
-2270.25
-2218.12
-2166.36
-2114.82
-2063.30
-2011.63
-1959.77
-1907.74
-1855.61
-1803.46
-1751.41
-1699.68
-1648.58
-1598.45
-1549.56
-1502.09
-1456.17
-1411.96
-1369.62
-1329.26
-1290.98
-1254.84
-1220.91
-1189.25
-1159.94
-1133.07
-1108.72
-1086.95
-1067.74
-1051.01
-1036.64
-1024.47
-1014.32
-1005.96
-999.11
-993.45
-988.59
-984.16
-979.83
-975.34
-970.53
-965.37
-959.84
-954.02
-948.08
-942.25
-936.80
-932.01
-928.06
-925.05
-922.93
-921.54
-920.60
-919.70
-918.40
-916.28
-912.97
-908.25
-902.00
-894.30
-885.34
-875.46
-865.10
-854.79
-845.08
-836.48
-829.44
-824.29
-821.25
-820.42
-821.77
-825.09
-830.13
-836.49
-843.74
-851.36
-858.82
-865.53
-871.02
-874.89
-876.85
-876.72
-874.37
-869.78
-862.96
-853.99
-842.99
-830.16
-815.76
-800.10
-783.59
-766.63
-749.64
-732.94
-716.82
-701.45
-686.94
-673.28
-660.40
-648.24
-636.75
-625.92
-615.80
-606.48
-598.08
-590.69
-584.44
-579.35
-575.37
-572.43
-570.37
-569.05
-568.29
-567.89
-567.61
-567.20
-566.41
-565.02
-562.85
-559.79
-555.83
-551.04
-545.59
-539.68
-533.52
-527.31
-521.17
-515.18
-509.35
-503.67
-498.11
-492.65
-487.28
-482.03
-476.96
-472.12
-467.61
-463.50
-459.87
-456.81
-454.43
-452.82
-452.07
-452.27
-453.46
-455.67
-458.89
-463.06
-468.12
-473.96
-480.42
-487.30
-494.40
-501.48
-508.31
-514.66
-520.33
-525.15
-528.94
-531.61
-533.09
-533.43
-532.71
-531.07
-528.67
-525.73
-522.43
-519.02
-515.72
-512.75
-510.29
-508.50
-507.48
-507.31
-508.02
-509.57
-511.91
-514.92
-518.47
-522.39
-526.50
-530.63
-534.64
-538.40
-541.79
-544.72
-547.10
-548.83
-549.90
-550.26
-549.88
-548.75
-546.87
-544.28
-541.02
-537.16
-532.79
-528.06
-523.13
-518.25
-513.68
-509.70
-506.68
-504.93
-504.77
-506.39
-509.90
-515.28
-522.35
-530.83
-540.34
-550.41
-560.51
-570.05
-578.48
-585.23
-589.80
-591.75
-590.80
-586.82
-579.82
-570.00
-557.67
-543.27
-527.32
-510.39
-493.02
-475.71
-458.84
-442.70
-427.46
-413.23
-400.08
-388.02
-377.05
-367.15
-358.31
-350.46
-343.57
-337.59
-332.44
-328.10
-324.52
-321.69
-319.58
-318.19
-317.49
-317.46
-318.08
-319.25
-320.86
-322.70
-324.54
-326.13
-327.20
-327.60
-327.25
-326.20
-324.60
-322.72
-320.85
-319.34
-318.45
-318.40
-319.33
-321.32
-324.36
-328.37
-333.20
-338.66
-344.53
-350.55
-356.48
-362.10
-367.25
-371.83
-375.83
-379.27
-382.27
-384.95
-387.46
-389.95
-392.54
-395.34
-398.41
-401.76
-405.34
-409.07
-412.78
-416.29
-419.37
-421.79
-423.34
-423.79
-422.95
-420.65
-416.77
-411.29
-404.30
-395.97
-386.57
-376.43
-365.90
-355.36
-345.20
-335.75
-327.27
-319.92
-313.79
-308.94
-305.33
-302.86
-301.39
-300.76
-300.75
-301.13
-301.61
-301.87
-301.58
-300.40
-298.07
-294.39
-289.28
-282.76
-274.97
-266.13
-256.53
-246.45
-236.18
-225.92
-215.84
-206.05
-196.60
-187.53
-178.87
-170.63
-162.80
-155.38
-148.36
-141.71
-135.35
-129.25
-123.35
-117.59
-111.97
-106.45
-101.03
-95.73
-90.58
-85.63
-80.92
-76.49
-72.35
-68.52
-65.01
-61.82
-58.95
-56.40
-54.18
-52.30
-50.75
-49.51
-48.58
-47.89
-47.40
-47.05
-46.78
-46.51
-46.21
-45.83
-45.35
-44.73
-43.96
-43.03
-41.93
-40.67
-39.25
-37.70
-36.04
-34.29
-32.51
-30.75
-29.06
-27.48
-26.04
-24.77
-23.67
-22.75
-21.98
-21.35
-20.82
-20.37
-19.96
-19.58
-19.21
-18.84
-18.47
-18.10
-17.75
-17.42
-17.13
-16.86
-16.61
-16.39
-16.20
-16.01
-15.81
-15.60
-15.36
-15.10
-14.81
-14.52
-14.23
-13.99
-13.80
-13.69
-13.68
-13.79
-14.04
-14.44
-14.98
-15.66
-16.47
-17.40
-18.41
-19.50
-20.63
-21.79
-22.95
-24.10
-25.22
-26.31
-27.35
-28.34
-29.30
-30.23
-31.16
-32.09
-33.05
-34.01
-35.00
-35.98
-36.91
-37.76
-38.47
-38.99
-39.31
-39.43
-39.38
-39.20
-38.92
-38.60
-38.29
-38.02
-37.80
-37.68
-37.65
-37.74
-37.97
-38.35
-38.92
-39.70
-40.71
-41.99
-43.53
-45.33
-47.40
-49.68
-52.14
-54.69
-57.27
-59.81
-62.24
-64.50
-66.55
-68.34
-69.86
-71.10
-72.05
-72.71
-73.07
-73.14
-72.94
-72.49
-71.82
-70.95
-69.91
-68.72
-67.38
-65.92
-64.37
-62.75
-61.08
-59.37
-57.66
-55.96
-54.28
-52.65
-51.07
-49.53
-48.03
-46.57
-45.11
-43.66
-42.19
-40.71
-39.20
-37.68
-36.15
-34.63
-33.16
-31.74
-30.40
-29.16
-28.03
-27.00
-26.08
-25.26
-24.53
-23.89
-23.32
-22.83
-22.40
-22.02
-21.71
-21.44
-21.21
-21.02
-20.85
-20.70
-20.57
-20.44
-20.34
-20.24
-20.16
-20.10
-20.06
-20.06
-20.09
-20.15
-20.22
-20.31
-20.37
-20.40
-20.37
-20.26
-20.08
-19.82
-19.49
-19.09
-18.65
-18.17
-17.67
-17.18
-16.70
-16.26
-15.88
-15.56
-15.31
-15.16
-15.08
-15.09
-15.17
-15.30
-15.48
-15.68
-15.89
-16.09
-16.27
-16.43
-16.57
-16.69
-16.82
-16.97
-17.17
-17.44
-17.78
-18.21
-18.73
-19.34
-20.01
-20.74
-21.50
-22.27
-23.01
-23.67
-24.20
-24.54
-24.62
-24.40
-23.84
-22.93
-21.69
-20.17
-18.45
-16.63
-14.83
-13.11
-11.56
-10.21
-9.09
-8.18
-7.43
-6.79
-6.20
-5.56
-4.80
-3.84
-2.63
-1.13
0.67
2.78
5.15
7.74
10.49
13.33
16.21
19.08
21.90
24.60
27.14
29.46
31.53
33.32
34.82
36.04
37.01
