-750.65
-753.89
-754.58
-752.37
-747.12
-738.89
-727.92
-714.52
-699.01
-681.74
-663.02
-643.17
-622.51
-601.36
-580.03
-558.73
-537.62
-516.71
-495.92
-475.11
-454.07
-432.67
-410.87
-388.78
-366.62
-344.64
-323.12
-302.35
-282.60
-264.08
-246.96
-231.35
-217.30
-204.77
-193.68
-183.88
-175.25
-167.62
-160.81
-154.65
-149.00
-143.70
-138.61
-133.62
-128.66
-123.66
-118.60
-113.46
-108.25
-102.98
-97.71
-92.50
-87.46
-82.67
-78.25
-74.29
-70.86
-67.98
-65.68
-63.94
-62.70
-61.88
-61.39
-61.13
-61.00
-60.91
-60.79
-60.60
-60.27
-59.80
-59.17
-58.37
-57.41
-56.26
-54.90
-53.28
-51.34
-49.01
-46.22
-42.95
-39.17
-34.93
-30.32
-25.48
-20.59
-15.84
-11.41
-7.44
-4.01
-1.13
1.24
3.17
4.74
6.06
7.18
8.17
9.07
9.88
10.61
11.24
11.74
12.08
12.23
12.17
11.91
11.46
10.84
10.09
9.26
8.37
7.44
6.46
5.43
4.33
3.16
1.91
0.61
-0.72
-2.05
-3.36
-4.64
-5.88
-7.10
-8.31
-9.57
-10.90
-12.34
-13.91
-15.59
-17.35
-19.14
-20.89
-22.52
-23.97
-25.18
-26.11
-26.74
-27.09
-27.16
-26.97
-26.55
-25.92
-25.09
-24.11
-22.99
-21.78
-20.52
-19.23
-17.92
-16.60
-15.25
-13.88
-12.46
-11.00
-9.51
-7.98
-6.43
-4.88
-3.34
-1.82
-0.36
1.02
2.28
3.36
4.21
4.78
5.00
4.82
4.21
3.12
1.54
-0.55
-3.16
-6.28
-9.88
-13.88
-18.16
-22.61
-27.07
-31.44
-35.61
-39.53
-43.18
-46.57
-49.70
-52.56
-55.11
-57.30
-59.11
-60.50
-61.47
-61.99
-62.08
-61.75
-61.02
-59.91
-58.47
-56.72
-54.71
-52.46
-50.02
-47.43
-44.73
-41.97
-39.21
-36.49
-33.84
-31.31
-28.92
-26.68
-24.63
-22.76
-21.08
-19.59
-18.26
-17.05
-15.93
-14.83
-13.71
-12.51
-11.22
-9.82
-8.36
-6.90
-5.47
-4.15
-2.95
-1.89
-0.96
-0.15
0.59
1.29
1.96
2.62
3.28
3.93
4.53
5.08
5.56
5.95
6.24
6.45
6.57
6.60
6.55
6.42
6.23
6.00
5.74
5.48
5.23
5.00
4.80
4.66
4.58
4.58
4.64
4.78
4.99
5.26
5.56
5.88
6.21
6.52
6.81
7.07
7.32
7.54
7.74
7.92
8.06
8.16
8.20
8.18
8.09
7.94
7.73
7.46
7.15
6.78
6.34
5.82
5.20
4.46
3.56
2.47
1.18
-0.34
-2.10
-4.09
-6.31
-8.74
-11.34
-14.07
-16.88
-19.72
-22.52
-25.23
-27.79
-30.18
-32.35
-34.32
-36.09
-37.68
-39.14
-40.51
-41.85
-43.21
-44.61
-46.06
-47.56
-49.07
-50.56
-51.95
-53.16
-54.14
-54.80
-55.10
-55.01
-54.52
-53.64
-52.42
-50.91
-49.16
-47.25
-45.22
-43.16
-41.14
-39.23
-37.51
-36.06
-34.94
-34.19
-33.82
-33.81
-34.10
-34.64
-35.35
-36.14
-36.91
-37.61
-38.16
-38.54
-38.73
-38.77
-38.69
-38.53
-38.36
-38.22
-38.17
-38.24
-38.47
-38.88
-39.46
-40.22
-41.14
-42.18
-43.29
-44.43
-45.52
-46.55
-47.47
-48.26
-48.94
-49.49
-49.89
-50.16
-50.29
-50.28
-50.16
-49.95
-49.68
-49.41
-49.19
-49.07
-49.09
-49.32
-49.77
-50.48
-51.49
-52.80
-54.42
-56.36
-58.61
-61.15
-63.97
-67.01
-70.20
-73.44
-76.60
-79.57
-82.26
-84.58
-86.51
-88.01
-89.10
-89.81
-90.20
-90.32
-90.23
-89.93
-89.45
-88.75
-87.81
-86.62
-85.17
-83.48
-81.61
-79.56
-77.40
-75.17
-72.92
-70.71
-68.63
-66.74
-65.09
-63.74
-62.74
-62.11
-61.85
-61.94
-62.36
-63.06
-63.97
-65.05
-66.21
-67.39
-68.50
-69.51
-70.36
-71.00
-71.40
-71.52
-71.35
-70.88
-70.13
-69.12
-67.90
-66.50
-64.99
-63.41
-61.79
-60.18
-58.59
-57.05
-55.57
-54.16
-52.83
-51.57
-50.39
-49.28
-48.21
-47.19
-46.20
-45.26
-44.38
-43.59
-42.95
-42.52
-42.34
-42.49
-43.02
-43.97
-45.40
-47.33
-49.80
-52.79
-56.31
-60.27
-64.60
-69.16
-73.78
-78.32
-82.59
-86.46
-89.82
-92.61
-94.81
-96.50
-97.78
-98.78
-99.66
-100.55
-101.59
-102.84
-104.39
-106.23
-108.34
-110.69
-113.20
-115.79
-118.37
-120.86
-123.17
-125.25
-127.02
-128.45
-129.56
-130.38
-131.01
-131.55
-132.14
-132.89
-133.90
-135.23
-136.89
-138.81
-140.89
-142.98
-144.90
-146.43
-147.36
-147.48
-146.57
-144.46
-141.07
-136.35
-130.39
-123.33
-115.38
-106.79
-97.82
-88.73
-79.75
-71.09
-62.88
-55.24
-48.27
-42.01
-36.49
-31.71
-27.62
-24.18
-21.30
-18.93
-16.98
-15.39
-14.10
-13.03
-12.15
-11.40
-10.76
-10.19
-9.68
-9.22
-8.80
-8.43
-8.09
-7.79
-7.51
-7.26
-7.02
-6.77
-6.48
-6.12
-5.65
-5.05
-4.29
-3.38
-2.32
-1.17
0.04
1.24
2.39
3.43
4.34
5.09
5.68
6.12
6.40
6.55
6.56
6.45
6.22
5.87
5.40
4.81
4.06
3.14
2.01
0.66
-0.93
-2.79
-4.89
-7.21
-9.72
-12.36
-15.07
-17.80
-20.49
-23.10
-25.60
-27.94
-30.12
-32.09
-33.85
-35.36
-36.61
-37.62
-38.39
-38.94
-39.28
-39.45
-39.47
-39.37
-39.20
-38.98
-38.75
-38.55
-38.38
-38.25
-38.14
-38.04
-37.92
-37.73
-37.41
-36.92
-36.24
-35.32
-34.16
-32.77
-31.19
-29.47
-27.70
-25.96
-24.33
-22.85
-21.57
-20.49
-19.60
-18.85
-18.19
-17.59
-16.98
-16.29
-15.48
-14.51
-13.34
-11.95
-10.37
-8.62
-6.72
-4.75
-2.77
-0.85
0.91
2.44
3.69
4.61
5.19
5.47
5.48
5.28
4.94
4.53
4.12
3.73
3.41
3.18
3.03
2.97
2.97
3.03
3.11
3.18
3.24
3.23
3.14
2.96
2.67
2.27
1.80
1.28
0.79
0.37
0.08
-0.06
-0.01
0.23
0.65
1.24
1.96
2.78
3.67
4.58
5.47
6.32
7.08
7.75
8.31
8.74
9.05
9.24
9.33
9.32
9.24
9.10
8.92
8.74
8.58
8.47
8.42
8.44
8.51
8.63
8.77
8.91
9.02
9.10
9.13
9.10
9.01
8.86
8.65
8.37
8.05
7.69
7.31
6.92
6.55
6.22
5.93
5.72
5.57
5.50
5.49
5.52
5.57
5.62
5.66
5.70
5.73
5.77
5.82
5.91
6.04
6.21
6.44
6.72
7.06
7.46
7.91
8.41
8.94
9.49
10.03
10.56
11.05
11.49
11.84
12.07
12.17
12.14
12.00
11.78
11.53
11.30
11.11
11.00
10.96
10.98
11.03
11.08
11.11
11.10
11.03
10.88
10.65
10.31
9.86
9.28
8.54
7.64
6.54
5.22
3.63
1.73
-0.54
-3.26
-6.49
-10.28
-14.69
-19.73
-25.41
-31.69
-38.50
-45.75
-53.31
-60.99
-68.64
-76.07
-83.12
-89.67
-95.66
-101.07
-105.93
-110.31
-114.28
-117.93
-121.31
-124.46
-127.38
-130.03
-132.36
-134.30
-135.78
-136.75
-137.23
-137.23
-136.81
-136.06
-135.09
-134.01
-132.89
-131.80
-130.72
-129.62
-128.43
-127.11
-125.59
-123.84
-121.87
-119.68
-117.30
-114.72
-111.95
-108.98
-105.78
-102.35
-98.77
-95.17
-91.74
-88.73
-86.33
-84.68
-83.80
-83.62
-83.96
-84.61
-85.30
-85.81
-85.96
-85.65
-84.86
-83.59
-81.85
-79.65
-76.99
-73.91
-70.43
-66.56
-62.40
-58.02
-53.53
-49.01
-44.51
-40.05
-35.60
-31.10
-26.51
-21.80
-16.97
-12.06
-7.17
-2.41
2.09
6.27
10.09
13.56
16.70
19.56
22.15
24.49
26.58
28.42
30.02
31.36
32.41
33.11
33.41
33.20
32.36
30.78
28.33
24.86
20.22
14.26
6.87
-2.08
-12.61
-24.72
-38.37
-53.46
-69.91
-87.60
-106.49
-126.59
-147.95
-170.61
-194.56
-219.72
-245.94
-272.97
-300.56
-328.50
-356.67
-385.06
-413.73
-442.82
-472.48
-502.86
-534.10
-566.31
-599.57
-633.96
-669.57
-706.49
-744.79
-784.47
-825.41
-867.37
-910.06
-953.05
-995.82
-1037.67
-1077.84
-1115.63
-1150.40
-1181.68
-1209.15
-1232.61
-1252.07
-1267.70
-1279.86
-1289.09
-1296.08
-1301.64
-1306.58
-1311.71
-1317.76
-1325.43
-1335.32
-1347.86
-1363.34
-1381.82
-1403.11
-1426.69
-1451.83
-1477.58
-1502.91
-1526.76
-1548.13
-1566.16
-1580.20
-1589.87
-1595.05
-1595.90
-1592.73
-1585.97
-1576.12
-1563.74
-1549.39
-1533.62
-1516.91
-1499.63
-1482.00
-1464.10
-1445.97
-1427.65
-1409.18
-1390.59
-1371.84
-1352.90
-1333.76
-1314.41
-1294.91
-1275.34
-1255.82
-1236.53
-1217.73
-1199.77
-1183.05
-1168.00
-1154.89
-1143.92
-1135.09
-1128.34
-1123.48
-1120.28
-1118.47
-1117.75
-1117.81
-1118.39
-1119.28
-1120.35
-1121.59
-1123.04
-1124.86
-1127.17
-1130.11
-1133.69
-1137.77
-1142.03
-1146.03
-1149.31
-1151.41
-1152.07
-1151.13
-1148.60
-1144.70
-1139.69
-1133.96
-1127.83
-1121.63
-1115.64
-1110.10
-1105.20
-1101.12
-1097.98
-1095.86
-1094.77
-1094.67
-1095.50
-1097.21
-1099.75
-1103.10
-1107.23
-1112.07
-1117.45
-1123.18
-1129.03
-1134.81
-1140.44
-1145.91
-1151.27
-1156.60
-1162.01
-1167.58
-1173.38
-1179.50
-1185.99
-1192.93
-1200.42
-1208.54
-1217.34
-1226.85
-1237.07
-1247.99
-1259.67
-1272.11
-1285.38
-1299.48
-1314.50
-1330.48
-1347.51
-1365.63
-1384.86
-1405.11
-1426.15
-1447.62
-1469.01
-1489.74
-1509.21
-1526.88
-1542.25
-1554.94
-1564.70
-1571.43
-1575.16
-1576.16
-1574.76
-1571.38
-1566.46
-1560.46
-1553.82
-1546.94
-1540.20
-1533.95
-1528.49
-1524.04
-1520.85
-1519.16
-1519.31
-1521.64
-1526.51
-1534.26
-1545.25
-1559.79
-1578.10
-1600.19
-1625.96
-1655.18
-1687.59
-1722.91
-1760.87
-1801.17
-1843.41
-1887.17
-1931.93
-1977.11
-2022.09
-2066.19
-2108.82
-2149.42
-2187.57
-2223.01
-2255.49
-2284.96
-2311.51
-2335.40
-2357.09
-2377.07
-2395.85
-2413.85
-2431.47
-2449.04
-2466.80
-2484.87
-2503.21
-2521.73
-2540.26
-2558.64
-2576.66
-2594.29
-2611.60
-2628.83
-2646.23
-2663.96
-2682.14
-2700.83
-2720.00
-2739.58
-2759.35
-2779.09
-2798.51
-2817.26
-2835.02
-2851.43
-2866.24
-2879.39
-2891.04
-2901.45
-2910.83
-2919.24
-2926.73
-2933.39
-2939.42
-2944.97
-2950.21
-2955.18
-2959.85
-2964.18
-2968.12
-2971.72
-2975.15
-2978.75
-2982.98
-2988.35
-2995.56
-3005.34
-3018.46
-3035.68
-3057.67
-3084.94
-3117.75
-3156.18
-3200.00
-3248.82
-3302.09
-3359.13
-3419.16
-3481.37
-3545.08
-3609.65
-3674.53
-3739.28
-3803.51
-3866.92
-3929.36
-3990.81
-4051.17
-4110.10
-4167.01
-4221.04
-4270.97
-4315.23
-4352.16
-4380.26
-4398.37
-4405.91
-4402.82
-4389.55
-4366.89
-4335.90
-4297.77
-4253.62
-4204.42
-4150.89
-4093.62
-4032.95
-3969.15
-3902.58
-3833.58
-3762.61
-3690.09
-3616.45
-3542.05
-3467.26
-3392.50
-3318.27
-3245.19
-3173.96
-3105.36
-3040.09
-2978.68
-2921.33
-2868.06
-2818.69
-2772.88
-2730.30
-2690.58
-2653.34
-2618.16
-2584.62
-2552.32
-2520.90
-2490.12
-2459.78
-2429.80
-2400.20
-2371.06
-2342.51
-2314.74
-2287.98
-2262.44
-2238.34
-2215.82
-2194.95
-2175.82
-2158.56
-2143.36
-2130.43
-2120.04
-2112.49
-2108.03
-2106.86
-2109.10
-2114.76
-2123.83
-2136.19
-2151.79
-2170.55
-2192.37
-2217.09
-2244.50
-2274.35
-2306.39
-2340.28
-2375.51
-2411.39
-2447.06
-2481.45
-2513.45
-2541.93
-2565.81
-2583.97
-2595.32
-2598.89
-2593.95
-2580.03
-2556.96
-2524.97
-2484.55
-2436.48
-2381.72
-2321.35
-2256.45
-2188.06
-2117.04
-2044.18
-1970.20
-1895.77
-1821.45
-1747.72
-1675.07
-1603.92
-1534.51
-1467.00
-1401.53
-1338.12
-1276.80
-1217.53
-1160.26
-1104.88
-1051.25
-999.14
-948.40
-898.87
-850.45
-803.08
-756.82
-711.84
-668.39
-626.70
-586.96
-549.37
-514.11
-481.33
-451.17
-423.70
-398.93
-376.83
-357.30
-340.16
-325.25
-312.34
-301.17
-291.50
-283.03
-275.54
-268.79
-262.60
-256.81
-251.33
-246.10
-241.06
-236.20
-231.50
-226.96
-222.58
-218.38
-214.40
-210.65
-207.13
-203.87
-200.87
-198.14
-195.67
-193.49
-191.60
-190.03
-188.78
-187.87
-187.28
-187.01
-187.05
-187.34
-187.85
-188.51
-189.25
-189.97
-190.59
-191.02
-191.20
-191.09
-190.64
-189.82
-188.63
-187.07
-185.15
-182.92
-180.42
-177.69
-174.79
-171.76
-168.64
-165.45
-162.21
-158.92
-155.60
-152.28
-149.03
-145.92
-143.06
-140.54
-138.53
-137.19
-136.67
-137.14
-138.75
-141.63
-145.89
-151.61
-158.86
-167.66
-177.99
-189.80
-202.97
-217.32
-232.62
-248.59
-264.92
-281.25
-297.23
-312.55
-326.91
-340.04
-351.75
-361.90
-370.38
-377.12
-382.02
-384.92
-385.69
-384.16
-380.25
-373.93
-365.28
-354.52
-341.93
-327.86
-312.67
-296.74
-280.43
-264.05
-247.87
-232.10
-216.88
-202.30
-188.41
-175.22
-162.66
-150.68
-139.23
-128.26
-117.73
-107.61
-97.89
-88.57
-79.68
-71.27
-63.38
-56.08
-49.42
-43.44
-38.16
-33.58
-29.68
-26.41
-23.71
-21.52
-19.75
-18.34
-17.19
-16.23
-15.38
-14.57
-13.74
-12.85
-11.89
-10.86
-9.81
-8.79
-7.86
-7.09
-6.51
-6.16
-6.05
-6.20
-6.60
-7.24
-8.12
-9.21
-10.48
-11.89
-13.38
-14.91
-16.40
-17.80
-19.07
-20.15
-21.05
-21.75
-22.28
-22.67
-22.96
-23.18
-23.36
-23.53
-23.71
-23.93
-24.22
-24.62
-25.15
-25.85
-26.77
-27.95
-29.41
-31.15
-33.18
-35.47
-37.98
-40.67
-43.48
-46.37
-49.27
-52.17
-55.04
-57.88
-60.68
-63.47
-66.26
-69.08
-71.95
-74.88
-77.87
-80.90
-83.93
-86.91
-89.75
-92.38
-94.71
-96.67
-98.21
-99.29
-99.87
-99.96
-99.58
-98.75
-97.55
-96.02
-94.22
-92.18
-89.94
-87.55
-85.04
-82.43
-79.73
-76.97
-74.16
-71.34
-68.54
-65.78
-63.09
-60.48
-57.96
-55.53
-53.22
-51.02
-48.95
-47.04
-45.30
-43.75
-42.39
-41.23
-40.28
-39.51
-38.94
-38.54
-38.30
-38.21
-38.26
-38.43
-38.70
-39.10
-39.61
-40.25
-41.05
-42.01
-43.14
-44.44
-45.90
-47.49
-49.22
-51.05
-52.96
-54.88
-56.79
-58.61
-60.30
-61.80
-63.05
-63.99
-64.59
-64.81
-64.64
-64.06
-63.07
-61.70
-60.00
-58.04
-55.89
-53.65
-51.41
-49.25
-47.23
-45.40
-43.77
-42.35
-41.13
-40.08
-39.18
-38.38
-37.67
-37.01
-36.41
-35.83
-35.29
-34.80
-34.35
-33.97
-33.67
-33.49
-33.43
-33.53
-33.81
-34.30
-35.01
-35.97
-37.20
-38.72
-40.52
-42.60
-44.92
-47.42
-50.02
-52.59
-55.01
-57.19
-59.03
-60.49
-61.58
-62.32
-62.77
-63.03
-63.19
-63.33
-63.55
-63.91
-64.46
-65.23
-66.24
-67.47
-68.92
-70.52
-72.24
-73.98
-75.69
-77.28
-78.71
-79.93
-80.94
-81.76
-82.43
-83.00
-83.54
-84.11
-84.79
-85.60
-86.61
-87.83
-89.29
-91.01
-93.01
-95.30
-97.90
-100.80
-104.00
-107.45
-111.13
-115.00
-119.00
-123.10
-127.25
-131.43
-135.61
-139.81
-144.05
-148.35
-152.76
-157.32
-162.08
-167.11
-172.46
-178.18
-184.29
-190.81
-197.71
-204.91
-212.30
-219.70
-226.90
-233.66
-239.73
-244.89
-248.98
-251.88
-253.57
-254.07
-253.44
-251.74
-249.01
-245.28
-240.56
-234.86
-228.18
-220.55
-212.04
-202.73
-192.76
-182.30
-171.56
-160.73
-150.01
-139.60
-129.65
-120.32
-111.72
-103.95
-97.02
-90.92
-85.60
-81.00
-77.05
-73.67
-70.76
-68.26
-66.12
-64.28
-62.71
-61.41
-60.33
-59.46
-58.74
-58.14
-57.61
-57.08
-56.48
-55.70
-54.65
-53.21
-51.30
-48.87
-45.91
-42.40
-38.39
-33.93
-29.06
-23.87
-18.44
-12.89
-7.36
-2.02
2.98
7.51
11.47
14.85
17.67
20.02
22.00
23.73
25.27
26.71
28.08
29.38
30.61
31.76
32.83
33.79
34.60
35.27
35.74
36.00
36.01
35.76
35.23
34.42
33.34
32.00
30.44
28.71
26.84
24.88
22.87
20.85
18.83
16.85
14.92
13.03
11.16
9.31
7.41
5.44
3.30
0.92
-1.78
-4.89
-8.46
-12.54
-17.15
-22.26
-27.83
-33.78
-39.99
-46.32
-52.59
-58.65
-64.39
-69.70
-74.52
-78.79
-82.53
-85.72
-88.43
-90.71
-92.67
-94.42
-96.09
-97.78
-99.56
-101.48
-103.54
-105.74
-108.04
-110.44
-112.91
-115.45
-118.09
-120.84
-123.70
-126.71
-129.92
-133.35
-137.01
-140.85
-144.85
-148.95
-153.12
-157.32
-161.50
-165.58
-169.47
-173.06
-176.21
-178.80
-180.68
-181.72
-181.82
-180.85
-178.74
-175.46
-171.01
-165.43
-158.83
-151.36
-143.19
-134.56
-125.68
-116.82
-108.18
-99.90
-92.08
-84.75
-77.90
-71.47
-65.41
-59.63
-54.09
-48.72
-43.50
-38.41
-33.48
-28.75
-24.28
-20.12
-16.31
-12.87
-9.82
-7.13
-4.80
-2.80
-1.10
0.36
1.59
2.64
3.52
4.26
4.87
5.36
5.74
6.02
6.20
6.29
6.29
6.18
5.97
5.63
5.15
4.50
3.67
2.61
1.33
-0.19
-1.95
-3.91
-6.05
-8.33
-10.69
-13.09
-15.45
-17.73
-19.84
-21.75
-23.41
-24.80
-25.90
-26.72
-27.27
-27.56
-27.65
-27.54
-27.29
-26.93
-26.48
-25.97
-25.41
-24.81
-24.19
-23.54
-22.90
-22.28
-21.69
-21.14
-20.66
-20.25
-19.90
-19.62
-19.40
-19.23
-19.08
-18.93
-18.71
-18.40
-17.92
-17.25
-16.33
-15.14
-13.66
-11.90
-9.87
-7.61
-5.17
-2.59
0.08
2.80
5.51
8.17
10.75
13.18
15.45
17.50
19.32
20.91
22.27
23.40
24.36
25.15
25.79
26.33
26.76
27.10
27.36
27.54
27.65
27.68
27.65
27.56
27.39
27.17
26.91
26.60
26.28
25.94
25.58
25.20
24.78
24.31
23.75
23.09
22.33
21.45
20.47
19.40
18.30
17.22
16.23
15.45
14.95
14.83
15.13
15.91
17.13
18.75
20.69
22.84
25.07
27.24
29.18
30.74
31.76
32.11
31.70
30.49
28.49
25.77
22.43
18.61
14.48
10.21
5.95
1.83
-2.04
-5.59
-8.75
-11.52
-13.89
-15.89
-17.55
-18.93
-20.11
-21.12
-22.03
-22.86
-23.64
-24.38
-25.09
-25.81
-26.55
-27.35
-28.26
-29.32
-30.57
-32.04
-33.78
-35.79
-38.10
-40.73
-43.69
-47.02
-50.70
-54.73
-59.10
-63.77
-68.70
-73.83
-79.09
-84.39
-89.63
-94.71
-99.47
-103.80
-107.57
-110.67
-112.98
-114.43
-114.95
-114.54
-113.17
-110.94
-107.96
-104.45
-100.67
-96.95
-93.58
-90.84
-88.99
-88.22
-88.68
-90.44
-93.50
-97.81
-103.29
-109.83
-117.30
-125.63
-134.76
-144.62
-155.17
-166.37
-178.16
-190.44
-203.10
-215.96
-228.81
-241.41
-253.57
-265.12
-275.99
-286.11
-295.46
-304.04
-311.84
-318.90
-325.24
-330.89
-335.95
-340.53
-344.76
-348.75
-352.65
-356.65
-360.94
-365.72
-371.20
-377.55
-384.86
-393.19
-402.46
-412.55
-423.26
-434.36
-445.68
-457.08
-468.45
-479.68
-490.65
-501.26
-511.33
-520.71
-529.24
-536.76
-543.15
-548.35
-552.40
-555.42
-557.58
-559.09
-560.17
-561.04
-561.91
-562.97
-564.40
-566.44
-569.29
-573.18
-578.24
-584.55
-592.10
-600.76
-610.34
-620.54
-631.00
-641.34
-651.25
-660.46
-668.86
-676.41
-683.20
-689.42
-695.34
-701.23
-707.31
-713.76
-720.70
-728.25
-736.52
-745.62
-755.65
-766.64
-778.58
-791.40
-805.04
-819.44
-834.53
-850.26
-866.59
-883.47
-900.84
-918.62
-936.67
-954.88
-973.08
-991.10
-1008.79
-1026.09
-1043.04
-1059.75
-1076.39
-1093.02
-1109.57
-1125.78
-1141.20
-1155.21
-1167.15
-1176.44
-1182.63
-1185.53
-1185.17
-1181.93
-1176.36
-1169.23
-1161.35
-1153.56
-1146.58
-1141.00
-1137.17
-1135.26
-1135.24
-1136.97
-1140.19
-1144.63
-1149.93
-1155.75
-1161.74
-1167.53
-1172.82
-1177.33
-1180.90
-1183.49
-1185.15
-1186.06
-1186.50
-1186.81
-1187.36
-1188.55
-1190.69
-1194.05
-1198.72
-1204.61
-1211.39
-1218.51
-1225.24
-1230.83
-1234.54
-1235.68
-1233.65
-1228.00
-1218.50
-1205.11
-1188.17
-1168.29
-1146.41
-1123.57
-1100.73
-1078.71
-1058.09
-1039.23
-1022.27
-1007.24
-994.13
-982.93
-973.63
-966.22
-960.57
-956.47
-953.61
-951.61
-950.08
-948.66
-947.00
-944.84
-942.00
-938.41
-934.17
-929.48
-924.63
-919.93
-915.58
-911.70
-908.33
-905.42
-902.86
-900.53
-898.34
-896.23
-894.22
-892.35
-890.67
-889.21
-887.92
-886.72
-885.48
-884.09
-882.54
-880.90
-879.47
-878.75
-879.40
-882.06
-887.27
-895.23
-905.80
-918.45
-932.38
-946.70
-960.57
-973.36
-984.69
-994.46
-1002.81
-1010.00
-1016.38
-1022.21
-1027.59
-1032.51
-1036.96
-1041.15
-1045.55
-1050.76
-1057.39
-1065.74
-1075.75
-1086.93
-1098.50
-1109.60
-1119.56
-1127.96
-1134.71
-1139.91
-1143.86
-1146.91
-1149.47
-1151.85
-1154.27
-1156.82
-1159.54
-1162.43
-1165.53
-1168.86
-1172.37
-1175.94
-1179.31
-1182.19
-1184.23
-1185.09
-1184.54
-1182.50
-1179.01
-1174.31
-1168.80
-1163.02
-1157.61
-1153.22
-1150.44
-1149.69
-1151.17
-1154.91
-1160.75
-1168.45
-1177.74
-1188.35
-1200.09
-1212.74
-1226.06
-1239.80
-1253.67
-1267.39
-1280.71
-1293.39
-1305.27
-1316.30
-1326.51
-1336.06
-1345.12
-1353.92
-1362.69
-1371.64
-1380.96
-1390.80
-1401.23
-1412.31
-1424.07
-1436.47
-1449.37
-1462.56
-1475.70
-1488.36
-1499.93
-1509.69
-1516.87
-1520.84
-1521.18
-1517.93
-1511.56
-1502.91
-1493.13
-1483.30
-1474.38
-1467.00
-1461.44
-1457.71
-1455.68
-1455.12
-1455.83
-1457.65
-1460.47
-1464.28
-1469.15
-1475.09
-1482.10
-1490.02
-1498.65
-1507.64
-1516.58
-1525.13
-1533.05
-1540.26
-1546.74
-1552.52
-1557.54
-1561.64
-1564.62
-1566.14
-1565.95
-1563.79
-1559.58
-1553.29
-1545.03
-1534.90
-1522.98
-1509.31
-1493.87
-1476.68
-1457.81
-1437.49
-1416.16
-1394.49
-1373.17
-1352.73
-1333.49
-1315.47
-1298.52
-1282.36
-1266.81
-1251.74
-1237.20
-1223.35
-1210.43
-1198.67
-1188.26
-1179.28
-1171.76
-1165.56
-1160.47
-1156.25
-1152.64
-1149.45
-1146.52
-1143.78
-1141.22
-1138.87
-1136.82
-1135.15
-1133.95
-1133.31
-1133.34
-1134.14
-1135.89
-1138.88
-1143.52
-1150.29
-1159.64
-1171.86
-1186.99
-1204.77
-1224.74
-1246.32
-1268.92
-1292.01
-1315.15
-1338.00
-1360.41
-1382.39
-1404.02
-1425.55
-1447.37
-1470.00
-1494.07
-1520.27
-1549.31
-1581.88
-1618.44
-1659.18
-1703.95
-1752.20
-1803.11
-1855.60
-1908.59
-1961.20
-2012.85
-2063.24
-2112.28
-2160.16
-2207.36
-2254.54
-2302.24
-2351.00
-2401.09
-2452.48
-2504.84
-2557.57
-2609.95
-2661.23
-2710.76
-2758.02
-2802.72
-2844.55
-2883.07
-2917.57
-2947.25
-2971.27
-2988.85
-2999.42
-3002.73
-2998.90
-2988.40
-2972.04
-2950.84
-2925.84
-2898.01
-2868.10
-2836.59
-2803.76
-2769.64
-2734.15
-2697.10
-2658.40
-2618.11
-2576.47
-2533.99
-2491.34
-2449.32
-2408.61
-2369.71
-2332.86
-2298.04
-2265.06
-2233.60
-2203.23
-2173.40
-2143.50
-2112.88
-2080.95
-2047.18
-2011.17
-1972.80
-1932.29
-1890.13
-1847.12
-1804.24
-1762.46
-1722.63
-1685.47
-1651.50
-1620.95
-1593.81
-1569.86
-1548.76
-1530.05
-1513.33
-1498.18
-1484.20
-1471.06
-1458.47
-1446.21
-1434.10
-1422.01
-1409.86
-1397.62
-1385.30
-1372.93
-1360.60
-1348.38
-1336.33
-1324.49
-1312.85
-1301.40
-1290.08
-1278.82
-1267.56
-1256.26
-1244.87
-1233.36
-1221.71
-1209.90
-1197.95
-1185.90
-1173.82
-1161.75
-1149.72
-1137.63
-1125.28
-1112.42
-1098.80
-1084.23
-1068.66
-1052.14
-1034.85
-1017.00
-998.83
-980.53
-962.29
-944.21
-926.35
-908.76
-891.54
-874.78
-858.57
-843.02
-828.18
-814.07
-800.71
-788.07
-776.13
-764.89
-754.33
-744.41
-735.17
-726.59
-718.66
-711.34
-704.49
-697.95
-691.49
-684.89
-677.94
-670.51
-662.53
-654.07
-645.22
-636.17
-627.07
-618.01
-608.98
-599.93
-590.74
-581.28
-571.47
-561.30
-550.84
-540.27
-529.80
-519.65
-510.04
-501.10
-492.84
-485.23
-478.16
-471.46
-464.93
-458.38
-451.68
-444.72
-437.47
-429.91
-422.13
-414.22
-406.30
-398.50
-390.90
-383.56
-376.52
-369.78
-363.27
-356.96
-350.77
-344.66
-338.61
-332.62
-326.70
-320.90
-315.24
-309.74
-304.39
-299.15
-293.98
-288.78
-283.48
-278.00
-272.31
-266.40
-260.31
-254.11
-247.87
-241.67
-235.57
-229.65
-223.98
-218.62
-213.59
-208.90
-204.50
-200.29
-196.16
-191.98
-187.64
-183.04
-178.12
-172.83
-167.20
-161.28
-155.17
-148.97
-142.78
-136.68
-130.72
-124.91
-119.23
-113.65
-108.17
-102.78
-97.48
-92.29
-87.22
-82.29
-77.53
-72.94
-68.54
-64.35
-60.36
-56.57
-53.00
-49.67
-46.60
-43.82
-41.35
-39.20
-37.37
-35.84
-34.56
-33.48
-32.52
-31.62
-30.70
-29.71
-28.60
-27.38
-26.06
-24.67
-23.25
-21.87
-20.57
-19.38
-18.32
-17.41
-16.64
-16.03
-15.54
-15.15
-14.85
-14.61
-14.41
-14.24
-14.06
-13.87
-13.64
-13.36
-13.00
-12.56
-12.02
-11.37
-10.62
-9.77
-8.83
-7.84
-6.84
-5.85
-4.93
-4.08
-3.33
-2.70
-2.17
-1.74
-1.40
-1.11
-0.87
-0.65
-0.45
-0.27
-0.11
0.04
0.16
0.26
0.33
0.37
0.39
0.38
0.35
0.29
0.22
0.12
0.00
-0.15
-0.33
-0.54
-0.77
-1.03
-1.32
-1.62
-1.92
-2.22
-2.50
-2.73
-2.91
-3.03
-3.05
-2.99
-2.83
-2.59
-2.28
-1.92
-1.53
-1.13
-0.73
-0.34
0.03
0.37
0.69
0.98
1.24
1.47
1.68
1.86
2.01
2.14
2.25
2.33
2.40
2.45
2.50
2.52
2.54
2.55
2.55
2.53
2.50
2.45
2.38
2.29
2.18
2.05
1.91
1.76
1.62
1.47
1.34
1.23
1.13
1.06
1.01
0.99
0.98
1.01
1.06
1.13
1.23
1.35
1.50
1.66
1.84
2.03
2.21
2.37
2.50
2.60
2.65
2.66
2.63
2.56
2.47
2.36
2.25
2.13
2.02
1.91
1.80
1.70
1.61
1.51
1.43
1.35
1.28
1.22
1.18
1.15
1.13
1.14
1.16
1.19
1.23
1.27
1.30
1.33
1.35
1.36
1.34
1.29
1.23
1.13
1.01
0.86
0.68
0.50
0.31
0.11
-0.07
-0.24
-0.40
-0.53
-0.66
-0.77
-0.87
-0.98
-1.10
-1.24
-1.41
-1.64
-1.91
-2.24
-2.62
-3.06
-3.53
-4.05
-4.61
-5.19
-5.82
-6.48
-7.18
-7.92
-8.70
-9.53
-10.37
-11.22
-12.04
-12.79
-13.42
-13.92
-14.25
-14.40
-14.38
-14.18
-13.85
-13.41
-12.89
-12.35
-11.79
-11.27
-10.79
-10.37
-10.03
-9.76
-9.56
-9.44
-9.40
-9.43
-9.52
-9.66
-9.85
-10.08
-10.33
-10.58
-10.84
-11.07
-11.28
-11.45
-11.59
-11.68
-11.71
-11.68
-11.59
-11.46
-11.28
-11.07
-10.84
-10.61
-10.38
-10.15
-9.93
-9.72
-9.50
-9.28
-9.06
-8.83
-8.58
-8.32
-8.04
-7.76
-7.47
-7.19
-6.91
-6.63
-6.36
-6.10
-5.86
-5.65
-5.45
-5.27
-5.11
-4.97
-4.84
-4.72
-4.61
-4.49
-4.38
-4.25
-4.13
-3.99
-3.87
-3.74
-3.62
-3.50
-3.38
-3.27
-3.17
-3.08
-3.00
-2.94
-2.91
-2.93
-2.99
-3.12
-3.33
-3.61
-3.97
-4.42
-4.93
-5.48
-6.07
-6.65
-7.20
-7.69
-8.12
-8.46
-8.71
-8.86
-8.92
-8.90
-8.79
-8.63
-8.42
-8.20
-7.99
-7.81
-7.71
-7.68
-7.77
-7.96
-8.26
-8.63
-9.06
-9.51
-9.94
-10.32
-10.64
-10.88
-11.03
-11.09
-11.07
-10.97
-10.81
-10.62
-10.39
-10.15
-9.91
-9.67
-9.45
-9.24
-9.04
-8.84
-8.60
-8.26
-7.78
-7.11
-6.21
-5.07
-3.69
-2.12
-0.40
1.39
3.21
4.98
6.67
8.22
9.60
10.80
11.80
12.58
13.14
13.48
13.62
13.55
13.29
12.88
12.34
11.69
10.97
10.22
9.48
8.81
8.26
7.88
7.71
7.78
8.10
8.68
9.49
10.51
11.69
13.00
14.38
15.82
17.26
18.68
20.03
21.30
22.47
23.51
24.43
25.22
25.88
26.41
26.79
27.03
27.11
27.04
26.82
26.45
25.98
25.43
24.86
24.33
23.90
23.65
23.65
23.96
24.63
25.67
27.09
28.87
30.97
33.32
35.85
38.46
41.07
43.57
45.87
47.85
49.37
50.31
50.55
50.01
48.66
46.55
43.80
40.58
37.13
33.73
30.60
27.93
25.87
24.46
23.73
23.63
24.11
25.11
26.57
28.43
30.69
33.32
36.30
39.60
43.16
46.91
50.76
54.61
58.34
61.89
65.18
68.17
70.86
73.26
75.39
77.24
78.81
80.07
80.95
81.39
81.31
80.68
79.52
77.87
75.88
73.68
71.47
69.40
67.59
66.08
64.86
63.85
62.97
62.12
61.23
60.25
59.20
58.08
56.91
55.74
54.55
53.39
52.23
51.08
49.92
48.73
47.49
46.14
44.65
42.94
40.94
38.55
35.68
32.24
28.16
23.37
17.84
11.58
4.63
-2.93
-11.02
-19.57
-28.52
-37.80
-47.38
-57.18
-67.15
-77.21
-87.30
-97.32
-107.18
-116.79
-126.10
-135.03
-143.50
-151.47
-158.86
-165.66
-171.90
-177.62
-182.92
-187.91
-192.70
-197.37
-201.98
-206.53
-211.05
-215.48
-219.78
-223.87
-227.63
-230.98
-233.84
-236.16
-237.93
-239.19
-240.02
-240.50
-240.75
-240.82
-240.75
-240.55
-240.15
-239.48
-238.43
-236.94
-234.99
-232.57
-229.74
-226.52
-222.93
-218.99
-214.65
-209.90
-204.71
-199.06
-192.99
-186.56
-179.89
-173.11
-166.40
-159.94
-153.90
-148.47
-143.78
-139.92
-136.94
-134.83
-133.53
-132.94
-132.90
-133.23
-133.74
-134.25
-134.58
-134.54
-133.99
-132.80
-130.88
-128.22
-124.83
-120.74
-116.01
-110.68
-104.83
-98.54
-91.92
-85.09
-78.20
-71.41
-64.88
-58.77
-53.19
-48.17
-43.72
-39.78
-36.25
-33.04
-30.02
-27.10
-24.18
-21.20
-18.11
-14.88
-11.56
-8.20
-4.89
-1.74
1.18
3.83
6.21
8.32
10.20
11.88
13.39
14.78
16.09
17.36
18.62
19.89
21.19
22.49
23.79
25.06
26.29
27.47
28.60
29.67
30.72
31.76
32.80
33.87
34.97
36.08
37.18
38.25
39.26
40.19
41.02
41.75
42.35
42.83
43.15
43.29
43.19
42.80
42.05
40.90
39.31
37.30
34.89
32.17
29.21
26.09
22.90
19.69
16.53
13.45
10.46
7.60
4.85
2.21
-0.35
-2.85
-5.30
-7.68
-9.94
-12.03
-13.86
-15.38
-16.53
-17.32
-17.78
-17.98
-18.04
-18.10
-18.27
-18.64
-19.26
-20.14
-21.25
-22.56
-24.06
-25.75
-27.64
-29.79
-32.21
-34.94
-37.93
-41.09
-44.27
-47.26
-49.87
-51.94
-53.36
-54.11
-54.22
-53.76
-52.78
-51.33
-49.43
-47.06
-44.15
-40.66
-36.54
-31.78
-26.44
-20.68
-14.71
-8.78
-3.16
1.92
6.34
10.00
12.88
15.00
16.45
17.29
17.63
17.56
17.19
16.63
15.98
15.37
14.84
14.44
14.16
13.94
13.71
13.37
12.82
11.97
10.77
9.24
7.39
5.31
3.10
0.88
-1.21
-3.03
-4.43
-5.27
-5.40
-4.74
-3.25
-0.97
1.97
5.40
9.10
12.84
16.43
19.69
22.50
24.78
26.52
27.73
28.45
28.74
28.65
28.22
27.49
26.54
25.40
24.16
22.89
21.65
20.51
19.55
18.79
18.26
17.95
17.81
17.81
17.87
17.92
17.91
17.79
17.51
17.04
16.36
15.44
14.28
12.90
11.33
9.62
7.85
6.07
4.36
2.74
1.23
-0.20
-1.62
-3.07
-4.63
-6.32
-8.17
-10.18
-12.31
-14.53
-16.81
-19.09
-21.37
-23.63
-25.90
-28.23
-30.67
-33.29
-36.16
-39.34
-42.89
-46.82
-51.14
-55.87
-60.99
-66.48
-72.30
-78.42
-84.77
-91.25
-97.76
-104.19
-110.42
-116.33
-121.80
-126.76
-131.14
-134.92
-138.08
-140.63
-142.60
-144.02
-144.97
-145.50
-145.72
-145.69
-145.51
-145.25
-144.98
-144.79
-144.77
-144.99
-145.51
-146.37
-147.64
-149.35
-151.55
-154.22
-157.35
-160.89
-164.78
-168.92
-173.23
-177.59
-181.90
-186.04
-189.89
-193.28
-196.02
-197.91
-198.76
-198.42
-196.81
-193.96
-189.94
-184.89
-178.99
-172.44
-165.47
-158.29
-151.12
-144.15
-137.55
-131.42
-125.86
-120.90
-116.57
-112.86
-109.75
-107.20
-105.17
-103.60
-102.42
-101.54
-100.85
-100.24
-99.55
-98.66
-97.42
-95.73
-93.52
-90.77
-87.51
-83.83
-79.88
-75.83
-71.86
-68.16
-64.90
-62.18
-60.07
-58.61
-57.77
-57.53
-57.81
-58.52
-59.53
-60.69
-61.87
-62.93
-63.80
-64.45
-64.92
-65.32
-65.78
-66.45
-67.41
-68.74
-70.46
-72.55
-74.95
-77.62
-80.53
-83.70
-87.18
-91.00
-95.20
-99.75
-104.56
-109.50
-114.39
-119.01
-123.12
-126.50
-129.01
-130.60
-131.28
-131.15
-130.35
-129.00
-127.20
-125.06
-122.66
-120.08
-117.35
-114.53
-111.65
-108.75
-105.87
-103.02
-100.23
-97.49
-94.82
-92.23
-89.73
-87.36
-85.14
-83.14
-81.41
-80.00
-78.97
-78.32
-78.00
-77.95
-78.04
-78.16
-78.21
-78.10
-77.80
-77.27
-76.48
-75.42
-74.04
-72.30
-70.15
-67.57
-64.61
-61.38
-58.06
-54.87
-52.04
-49.83
-48.41
-47.94
-48.48
-50.06
-52.65
-56.16
-60.52
-65.63
-71.46
-77.95
-85.09
-92.84
-101.14
-109.91
-119.03
-128.38
-137.80
-147.15
-156.30
-165.18
-173.78
-182.10
-190.20
-198.15
-206.03
-213.87
-221.71
-229.53
-237.26
-244.80
-252.07
-259.02
-265.67
-272.06
-278.29
-284.47
-290.67
-296.96
-303.36
-309.85
-316.40
-322.97
-329.52
-335.98
-342.28
-348.34
-354.04
-359.26
-363.86
-367.71
-370.71
-372.81
-374.03
-374.46
-374.24
-373.50
-372.30
-370.64
-368.43
-365.53
-361.86
-357.37
-352.11
-346.19
-339.81
-333.21
-326.65
-320.38
-314.61
-309.51
-305.18
-301.65
-298.89
-296.84
-295.45
-294.68
-294.47
-294.79
-295.58
-296.76
-298.26
-299.96
-301.76
-303.52
-305.14
-306.50
-307.51
-308.09
-308.19
-307.78
-306.88
-305.49
-303.68
-301.48
-298.96
-296.17
-293.16
-289.99
-286.70
-283.32
-279.87
-276.37
-272.86
-269.34
-265.86
-262.46
-259.18
-256.08
-253.18
-250.53
-248.12
-245.94
-243.95
-242.13
-240.45
-238.89
-237.43
-236.06
-234.79
-233.62
-232.56
-231.64
-230.87
-230.24
-229.72
-229.28
-228.87
-228.48
-228.07
-227.60
-227.05
-226.41
-225.68
-224.90
-224.13
-223.46
-222.99
-222.85
-223.19
-224.16
-225.93
-228.65
-232.50
-237.63
-244.15
-252.10
-261.40
-271.85
-283.13
-294.77
-306.22
-316.90
-326.22
-333.69
-338.92
-341.70
-342.00
-339.95
-335.84
-330.07
-323.09
-315.35
-307.33
-299.49
-292.27
-286.08
-281.28
-278.18
-276.99
-277.85
-280.75
-285.55
-291.91
-299.37
-307.38
-315.33
-322.60
-328.63
-333.00
-335.46
-335.99
-334.76
-332.10
-328.36
-323.95
-319.18
-314.35
-309.64
-305.18
-301.06
-297.34
-294.07
-291.31
-289.07
-287.31
-285.94
-284.79
-283.65
-282.27
-280.41
-277.86
-274.49
-270.22
-265.08
-259.20
-252.75
-245.97
-239.13
-232.46
-226.18
-220.51
-215.57
-211.46
-208.22
-205.86
-204.34
-203.57
-203.44
-203.76
-204.31
-204.81
-205.00
-204.65
-203.55
-201.60
-198.76
-195.07
-190.64
-185.63
-180.20
-174.50
-168.66
-162.83
-157.12
-151.63
-146.47
-141.68
-137.33
-133.43
-129.99
-126.98
-124.35
-122.05
-119.99
-118.12
-116.38
-114.72
-113.08
-111.43
-109.73
-107.96
-106.14
-104.27
-102.42
-100.65
-99.01
-97.57
-96.36
-95.42
-94.75
-94.35
-94.17
-94.19
-94.38
-94.71
-95.18
-95.74
-96.38
-97.07
-97.79
-98.50
-99.18
-99.78
-100.28
-100.65
-100.85
-100.86
-100.66
-100.23
-99.57
-98.66
-97.52
-96.14
-94.52
-92.68
-90.64
-88.43
-86.10
-83.73
-81.40
-79.16
-77.07
-75.19
-73.55
-72.19
-71.14
-70.42
-70.02
-69.91
-70.03
-70.31
-70.69
-71.08
-71.45
-71.75
-71.99
-72.15
-72.26
-72.32
-72.35
-72.37
-72.38
-72.37
-72.33
-72.26
-72.15
-71.99
-71.80
-71.57
-71.29
-70.96
-70.57
-70.09
-69.51
-68.80
-67.98
-67.03
-65.96
-64.78
-63.49
-62.12
-60.65
-59.12
-57.54
-55.90
-54.23
-52.52
-50.80
-49.10
-47.42
-45.78
-44.22
-42.73
-41.35
-40.07
-38.90
-37.82
-36.83
-35.90
-35.02
-34.19
-33.42
-32.68
-31.96
-31.25
-30.53
-29.80
-29.05
-28.25
-27.41
-26.52
-25.59
-24.64
-23.70
-22.80
-21.97
-21.23
-20.60
-20.10
-19.75
-19.54
-19.49
-19.58
-19.78
-20.06
-20.35
-20.62
-20.80
-20.81
-20.61
-20.14
-19.38
-18.32
-16.99
-15.41
-13.64
-11.75
-9.78
-7.81
-5.89
-4.06
-2.35
-0.79
0.59
1.79
2.79
3.61
4.25
4.73
5.06
5.27
5.37
5.38
5.31
5.16
4.93
4.60
4.15
3.58
2.86
1.95
0.85
-0.44
-1.94
-3.60
-5.42
-7.34
-9.30
-11.25
-13.14
-14.92
-16.56
-18.05
-19.38
-20.56
-21.62
-22.57
-23.45
-24.27
-25.07
-25.86
-26.69
-27.60
-28.62
-29.77
-31.08
-32.55
-34.19
-36.00
-37.94
-40.01
-42.17
-44.38
-46.60
-48.79
-50.88
-52.81
-54.49
-55.81
-56.69
-57.03
-56.72
-55.70
-53.91
-51.38
-48.13
-44.24
-39.85
-35.09
-30.14
-25.16
-20.29
-15.65
-11.33
-7.38
-3.83
-0.66
2.14
4.58
6.69
8.51
10.05
11.33
12.38
13.23
13.89
14.41
14.80
15.12
15.38
15.60
15.82
16.02
16.20
16.34
16.44
16.49
16.49
16.46
16.43
16.39
16.39
16.42
16.52
16.67
16.90
17.18
17.52
17.91
18.33
18.77
19.22
19.65
20.06
20.42
20.72
20.94
21.08
21.13
21.09
20.96
20.76
20.49
20.17
19.83
19.47
19.12
18.81
18.55
18.35
18.21
18.15
18.15
18.21
18.32
18.45
18.58
18.68
18.74
18.74
18.68
18.58
18.43
18.27
18.08
17.89
17.69
17.48
17.27
17.06
16.84
16.63
16.41
16.20
15.97
15.73
15.45
15.12
14.71
14.18
13.49
12.61
11.50
10.14
8.51
6.60
4.42
1.97
-0.71
-3.60
-6.66
-9.85
-13.12
-16.42
-19.72
-23.01
-26.26
-29.50
-32.71
-35.90
-39.09
-42.28
-45.49
-48.73
-52.00
-55.31
-58.64
-61.95
-65.21
-68.36
-71.33
-74.05
-76.47
-78.56
-80.32
-81.79
-83.03
-84.14
-85.19
-86.25
-87.38
-88.64
-90.06
-91.66
-93.44
-95.38
-97.50
-99.80
-102.31
-105.07
-108.12
-111.50
-115.27
-119.44
-124.02
-128.98
-134.25
-139.73
-145.30
-150.80
-156.06
-160.91
-165.21
-168.85
-171.75
-173.87
-175.22
-175.85
-175.81
-175.22
-174.19
-172.86
-171.34
-169.75
-168.14
-166.55
-164.98
-163.43
-161.87
-160.28
-158.63
-156.90
-155.08
-153.16
-151.13
-148.99
-146.76
-144.41
-141.96
-139.41
-136.78
-134.06
-131.24
-128.32
-125.28
-122.09
-118.71
-115.12
-111.29
-107.24
-102.98
-98.56
-94.00
-89.35
-84.66
-80.00
-75.40
-70.94
-66.64
-62.55
-58.66
-54.99
-51.52
-48.24
-45.12
-42.15
-39.31
-36.61
-34.06
-31.66
-29.44
-27.41
-25.56
-23.91
-22.44
-21.14
-20.00
-19.04
-18.25
-17.66
-17.26
-17.06
-17.09
-17.33
-17.77
-18.39
-19.16
-20.05
-21.02
-22.07
-23.19
-24.35
-25.56
-26.80
-28.06
-29.31
-30.53
-31.71
-32.84
-33.92
-34.99
-36.09
-37.27
-38.57
-40.04
-41.66
-43.43
-45.31
-47.25
-49.22
-51.16
-53.07
-54.95
-56.78
-58.60
-60.43
-62.32
-64.31
-66.43
-68.72
-71.20
-73.87
-76.74
-79.80
-83.02
-86.37
-89.78
-93.22
-96.63
-99.96
-103.12
-106.02
-108.59
-110.74
-112.43
-113.60
-114.25
-114.43
-114.21
-113.72
-113.08
-112.46
-111.98
-111.77
-111.92
-112.45
-113.32
-114.48
-115.80
-117.15
-118.40
-119.44
-120.21
-120.66
-120.81
-120.70
-120.41
-120.01
-119.58
-119.19
-118.89
-118.71
-118.67
-118.74
-118.86
-118.98
-118.97
-118.72
-118.12
-117.01
-115.29
-112.86
-109.70
-105.81
-101.27
-96.16
-90.61
-84.74
-78.68
-72.51
-66.31
-60.11
-53.95
-47.85
-41.83
-35.91
-30.09
-24.41
-18.93
-13.73
-8.88
-4.45
-0.50
2.94
5.87
8.32
10.32
11.94
13.25
14.29
15.11
15.74
16.17
16.41
16.43
16.23
15.78
15.07
14.09
12.80
11.20
9.28
7.04
4.49
1.67
-1.38
-4.61
-7.99
-11.49
-15.07
-18.73
-22.46
-26.25
-30.13
-34.09
-38.13
-42.24
-46.36
-50.47
-54.53
-58.49
-62.33
-66.03
-69.55
-72.91
-76.11
-79.19
-82.18
-85.11
-88.01
-90.93
-93.88
-96.88
-99.96
-103.11
-106.30
-109.49
-112.61
-115.60
-118.36
-120.82
-122.89
-124.53
-125.71
-126.45
-126.81
-126.87
-126.74
-126.53
-126.38
-126.41
-126.77
-127.56
-128.84
-130.64
-132.91
-135.57
-138.48
-141.48
-144.41
-147.16
-149.60
-151.70
-153.41
-154.72
-155.65
-156.21
-156.39
-156.20
-155.68
-154.85
-153.80
-152.59
-151.29
-149.98
-148.67
-147.35
-146.01
-144.61
-143.12
-141.50
-139.74
-137.88
-135.93
-133.95
-131.99
-130.11
-128.35
-126.73
-125.26
-123.92
-122.71
-121.60
-120.60
-119.72
-119.01
-118.49
-118.18
-118.09
-118.20
-118.51
-118.99
-119.62
-120.38
-121.22
-122.10
-122.94
-123.67
-124.20
-124.48
-124.44
-124.06
-123.33
-122.26
-120.94
-119.47
-117.97
-116.51
-115.18
-114.00
-113.00
-112.14
-111.37
-110.64
-109.86
-108.99
-107.98
-106.82
-105.47
-103.89
-102.05
-99.93
-97.51
-94.81
-91.84
-88.64
-85.28
-81.84
-78.43
-75.14
-72.08
-69.29
-66.82
-64.66
-62.80
-61.19
-59.79
-58.57
-57.48
-56.50
-55.62
-54.81
-54.07
-53.39
-52.75
-52.13
-51.50
-50.83
-50.05
-49.12
-47.99
-46.66
-45.12
-43.37
-41.45
-39.41
-37.31
-35.20
-33.16
-31.22
-29.46
-27.90
-26.58
-25.50
-24.66
-24.02
-23.57
-23.27
-23.09
-23.00
-22.94
-22.88
-22.81
-22.70
-22.57
-22.43
-22.28
-22.13
-22.00
-21.89
-21.82
-21.79
-21.80
-21.82
-21.86
-21.90
-21.94
-21.97
-22.00
-22.01
-21.97
-21.85
-21.64
-21.30
-20.83
-20.24
-19.54
-18.80
-18.05
-17.38
-16.83
-16.45
-16.29
-16.37
-16.70
-17.30
-18.13
-19.19
-20.47
-21.93
-23.56
-25.34
-27.27
-29.32
-31.46
-33.67
-35.88
-38.01
-39.98
-41.69
-43.06
-44.04
-44.63
-44.86
-44.78
-44.44
-43.91
-43.23
-42.44
-41.55
-40.57
-39.51
-38.35
-37.11
-35.78
-34.39
-32.94
-31.45
-29.93
-28.38
-26.84
-25.32
-23.84
-22.44
-21.17
-20.07
-19.22
-18.64
-18.37
-18.44
-18.83
-19.56
-20.60
-21.95
-23.60
-25.52
-27.72
-30.19
-32.96
-36.04
-39.45
-43.22
-47.36
-51.86
-56.67
-61.74
-67.03
-72.47
-78.04
-83.69
-89.42
-95.21
-101.06
-106.96
-112.91
-118.93
-125.01
-131.18
-137.42
-143.73
-150.14
-156.66
-163.33
-170.19
-177.24
-184.50
-191.97
-199.66
-207.52
-215.52
-223.54
-231.48
-239.16
-246.42
-253.09
-259.02
-264.09
-268.24
-271.43
-273.71
-275.17
-275.95
-276.21
-276.13
-275.89
-275.66
-275.59
-275.82
-276.44
-277.51
-279.09
-281.21
-283.87
-287.07
-290.76
-294.90
-299.41
-304.14
-308.98
-313.81
-318.57
-323.23
-327.84
-332.51
-337.35
-342.49
-348.06
-354.09
-360.61
-367.59
-374.94
-382.58
-390.43
-398.40
-406.42
-414.39
-422.27
-430.01
-437.57
-444.91
-451.99
-458.79
-465.32
-471.65
-477.86
-484.06
-490.42
-497.11
-504.27
-512.02
-520.43
-529.53
-539.26
-549.53
-560.14
-570.86
-581.43
-591.62
-601.25
-610.24
-618.63
-626.55
-634.15
-641.56
-648.81
-655.85
-662.49
-668.48
-673.51
-677.33
-679.79
-680.90
-680.82
-679.81
-678.19
-676.32
-674.50
-672.98
-671.96
-671.58
-671.99
-673.31
-675.72
-679.42
-684.63
-691.53
-700.22
-710.65
-722.57
-735.51
-748.83
-761.83
-773.85
-784.46
-793.45
-800.98
-807.39
-813.20
-818.92
-825.02
-831.81
-839.51
-848.21
-857.99
-868.89
-880.99
-894.43
-909.39
-926.09
-944.71
-965.32
-987.80
-1011.96
-1037.44
-1063.79
-1090.50
-1117.10
-1143.19
-1168.45
-1192.63
-1215.51
-1236.90
-1256.64
-1274.63
-1290.87
-1305.51
-1318.89
-1331.41
-1343.61
-1355.97
-1368.90
-1382.69
-1397.47
-1413.23
-1429.82
-1446.99
-1464.37
-1481.50
-1497.82
-1512.73
-1525.77
-1536.65
-1545.33
-1551.98
-1556.94
-1560.61
-1563.35
-1565.50
-1567.33
-1569.14
-1571.21
-1573.87
-1577.45
-1582.34
-1588.99
-1597.73
-1608.74
-1621.98
-1637.10
-1653.46
-1670.18
-1686.26
-1700.77
-1712.85
-1721.90
-1727.55
-1729.69
-1728.40
-1723.88
-1716.37
-1706.28
-1694.09
-1680.47
-1666.09
-1651.72
-1638.08
-1625.75
-1615.14
-1606.45
-1599.65
-1594.55
-1590.72
-1587.63
-1584.67
-1581.29
-1577.00
-1571.54
-1564.78
-1556.82
-1547.93
-1538.52
-1529.07
-1520.04
-1511.82
-1504.74
-1499.03
-1494.79
-1492.04
-1490.72
-1490.75
-1492.05
-1494.59
-1498.34
-1503.36
-1509.65
-1517.28
-1526.24
-1536.49
-1547.91
-1560.33
-1573.48
-1587.03
-1600.68
-1614.10
-1627.02
-1639.25
-1650.64
-1661.16
-1670.79
-1679.57
-1687.53
-1694.76
-1701.42
-1707.73
-1713.91
-1720.22
-1726.84
-1733.93
-1741.56
-1749.77
-1758.54
-1767.84
-1777.61
-1787.83
-1798.46
-1809.49
-1820.89
-1832.67
-1844.84
-1857.41
-1870.41
-1883.86
-1897.71
-1911.91
-1926.31
-1940.77
-1955.17
-1969.46
-1983.76
-1998.28
-2013.29
-2029.16
-2046.20
-2064.63
-2084.45
-2105.48
-2127.43
-2149.80
-2172.07
-2193.65
-2214.07
-2232.85
-2249.59
-2263.94
-2275.65
-2284.66
-2291.04
-2295.04
-2297.02
-2297.54
-2297.12
-2296.29
-2295.44
-2294.75
-2294.29
-2294.03
-2293.93
-2293.99
-2294.32
-2295.16
-2296.87
-2299.93
-2304.86
-2312.22
-2322.47
-2335.98
-2352.99
-2373.63
-2397.86
-2425.47
-2456.08
-2489.17
-2524.17
-2560.44
-2597.29
-2633.97
-2669.72
-2703.96
-2736.20
-2766.02
-2793.04
-2816.86
-2837.08
-2853.23
-2864.83
-2871.35
-2872.43
-2867.95
-2858.07
-2843.26
-2824.25
-2802.07
-2777.83
-2752.73
-2728.07
-2705.01
-2684.54
-2667.35
-2653.83
-2644.04
-2637.70
-2634.34
-2633.26
-2633.81
-2635.23
-2636.76
-2637.67
-2637.31
-2635.22
-2631.04
-2624.57
-2615.77
-2604.61
-2591.02
-2574.90
-2556.14
-2534.62
-2510.24
-2482.94
-2452.68
-2419.45
-2383.23
-2344.08
-2302.13
-2257.63
-2210.92
-2162.47
-2112.91
-2062.98
-2013.45
-1965.12
-1918.69
-1874.78
-1833.82
-1796.11
-1761.77
-1730.77
-1702.93
-1678.02
-1655.67
-1635.51
-1617.14
-1600.22
-1584.48
-1569.72
-1555.87
-1542.86
-1530.65
-1519.20
-1508.48
-1498.49
-1489.22
-1480.69
-1473.02
-1466.38
-1461.07
-1457.38
-1455.67
-1456.18
-1459.08
-1464.32
-1471.63
-1480.53
-1490.35
-1500.31
-1509.56
-1517.30
-1522.84
-1525.70
-1525.59
-1522.47
-1516.41
-1507.64
-1496.46
-1483.25
-1468.46
-1452.63
-1436.27
-1419.91
-1404.00
-1388.90
-1374.93
-1362.30
-1351.12
-1341.41
-1333.03
-1325.82
-1319.70
-1314.70
-1311.03
-1309.06
-1309.20
-1311.84
-1317.29
-1325.68
-1336.91
-1350.77
-1366.86
-1384.70
-1403.75
-1423.46
-1443.21
-1462.48
-1480.79
-1497.75
-1513.08
-1526.60
-1538.14
-1547.59
-1554.84
-1559.83
-1562.48
-1562.69
-1560.42
-1555.69
-1548.62
-1539.43
-1528.41
-1515.93
-1502.56
-1488.95
-1475.82
-1463.91
-1453.85
-1446.11
-1440.95
-1438.47
-1438.58
-1441.05
-1445.49
-1451.43
-1458.36
-1465.88
-1473.69
-1481.59
-1489.40
-1497.00
-1504.21
-1510.76
-1516.34
-1520.61
-1523.26
-1524.05
-1522.77
-1519.31
-1513.63
-1505.74
-1495.65
-1483.43
-1469.20
-1453.14
-1435.49
-1416.49
-1396.43
-1375.65
-1354.54
-1333.42
-1312.59
-1292.26
-1272.58
-1253.60
-1235.41
-1218.12
-1201.89
-1186.82
-1172.98
-1160.45
-1149.23
-1139.28
-1130.48
-1122.66
-1115.63
-1109.13
-1102.92
-1096.78
-1090.58
-1084.31
-1078.04
-1071.89
-1066.00
-1060.56
-1055.69
-1051.49
-1048.04
-1045.36
-1043.40
-1042.04
-1041.02
-1040.03
-1038.67
-1036.50
-1033.04
-1027.86
-1020.57
-1010.89
-998.60
-983.66
-966.17
-946.37
-924.59
-901.22
-876.66
-851.28
-825.45
-799.48
-773.63
-748.13
-723.20
-699.08
-675.96
-654.05
-633.54
-614.64
-597.51
-582.25
-568.89
-557.41
-547.76
-539.87
-533.63
-528.83
-525.19
-522.39
-520.09
-517.91
-515.50
-512.51
-508.69
-503.87
-498.08
-491.44
-484.21
-476.68
-469.15
-461.90
-455.13
-449.04
-443.75
-439.34
-435.83
-433.21
-431.47
-430.55
-430.42
-431.05
-432.36
-434.21
-436.39
-438.63
-440.62
-442.04
-442.68
-442.36
-441.03
-438.72
-435.51
-431.52
-426.91
-421.83
-416.45
-410.93
-405.43
-400.14
-395.23
-390.88
-387.21
-384.29
-382.14
-380.70
-379.88
-379.54
-379.54
-379.70
-379.87
-379.86
-379.47
-378.53
-376.86
-374.28
-370.66
-365.86
-359.80
-352.49
-344.00
-334.48
-324.13
-313.14
-301.76
-290.23
-278.76
-267.55
-256.75
-246.51
-236.95
-228.18
-220.30
-213.36
-207.41
-202.49
-198.55
-195.52
-193.32
-191.83
-190.92
-190.48
-190.43
-190.68
-191.19
-191.96
-192.97
-194.20
-195.61
-197.17
-198.81
-200.49
-202.14
-203.69
-205.07
-206.28
-207.31
-208.21
-209.05
-209.91
-210.86
-211.97
-213.29
-214.85
-216.67
-218.72
-220.98
-223.37
-225.84
-228.32
-230.71
-232.91
-234.80
-236.26
-237.18
-237.48
-237.15
-236.19
-234.68
-232.69
-230.31
-227.62
-224.69
-221.57
-218.27
-214.82
-211.21
-207.47
-203.65
-199.81
-196.05
-192.48
-189.21
-186.34
-183.97
-182.14
-180.89
-180.20
-180.06
-180.41
-181.19
-182.30
-183.67
-185.19
-186.80
-188.43
-190.05
-191.59
-193.04
-194.34
-195.44
-196.29
-196.82
-197.02
-196.86
-196.36
-195.56
-194.51
-193.26
-191.85
-190.32
-188.69
-186.95
-185.10
-183.15
-181.13
-179.09
-177.09
-175.21
-173.52
-172.09
-170.98
-170.20
-169.75
-169.60
-169.69
-169.96
-170.34
-170.73
-171.05
-171.22
-171.17
-170.85
-170.21
-169.21
-167.85
-166.11
-163.99
-161.49
-158.61
-155.40
-151.87
-148.04
-143.97
-139.67
-135.20
-130.61
-125.93
-121.21
-116.47
-111.76
-107.11
-102.56
-98.16
-93.91
-89.85
-85.97
-82.28
-78.80
-75.55
-72.56
-69.87
-67.55
-65.66
-64.26
-63.40
-63.09
-63.35
-64.13
-65.40
-67.07
-69.07
-71.29
-73.64
-76.04
-78.37
-80.56
-82.51
-84.14
-85.38
-86.19
-86.56
-86.50
-86.07
-85.31
-84.30
-83.10
-81.75
-80.33
-78.87
-77.44
-76.05
-74.76
-73.58
-72.54
-71.65
-70.92
-70.32
-69.86
-69.51
-69.28
-69.14
-69.06
-69.03
-69.03
-69.02
-68.99
-68.92
-68.81
-68.62
-68.37
-68.05
-67.70
-67.34
-67.04
-66.82
-66.73
-66.78
-66.99
-67.35
-67.82
-68.36
-68.90
-69.35
-69.60
-69.56
-69.17
-68.39
-67.21
-65.66
-63.82
-61.78
-59.68
-57.61
-55.69
-53.98
-52.55
-51.42
-50.60
-50.09
-49.86
-49.83
-49.92
-50.05
-50.09
-49.97
-49.59
-48.91
-47.92
-46.64
-45.12
-43.44
-41.68
-39.94
-38.29
-36.78
-35.42
-34.22
-33.15
-32.18
-31.26
-30.33
-29.32
-28.17
-26.82
-25.25
-23.44
-21.35
-19.01
-16.40
-13.59
-10.61
-7.54
-4.48
-1.52
1.25
3.75
5.91
7.69
9.07
10.05
10.67
10.95
10.95
10.71
10.27
9.67
8.95
8.13
7.23
6.25
5.21
4.12
2.98
1.80
0.57
-0.72
-2.07
-3.51
-5.05
-6.67
-8.37
-10.12
-11.89
-13.63
-15.29
-16.81
-18.13
-19.20
-19.97
-20.41
-20.48
-20.16
-19.45
-18.36
-16.93
-15.20
-13.22
-11.06
-8.79
-6.48
-4.20
-2.03
0.00
1.83
3.45
4.84
6.02
6.97
7.70
8.19
8.43
8.43
8.16
7.62
6.82
5.75
4.44
2.89
1.15
-0.77
-2.82
-4.94
-7.08
-9.18
-11.20
-13.10
-14.87
-16.51
-18.04
-19.48
-20.84
-22.14
-23.41
-24.64
-25.85
-27.02
-28.15
-29.24
-30.30
-31.34
-32.37
-33.42
-34.48
-35.57
-36.66
-37.74
-38.78
-39.75
-40.62
-41.38
-42.03
-42.59
-43.06
-43.47
-43.84
-44.21
-44.58
-44.98
-45.41
-45.88
-46.38
-46.88
-47.38
-47.83
-48.18
-48.38
-48.35
-48.04
-47.40
-46.39
-45.02
-43.28
-41.18
-38.75
-36.05
-33.10
-29.97
-26.71
-23.38
-20.05
-16.80
-13.68
-10.77
-8.11
-5.73
-3.67
-1.92
-0.47
0.71
1.65
2.37
2.92
3.31
3.56
3.68
3.69
3.57
3.33
2.96
2.47
1.86
1.12
0.27
-0.68
-1.72
-2.81
-3.92
-5.01
-6.01
-6.88
-7.56
-8.02
-8.23
-8.18
-7.87
-7.33
-6.58
-5.68
-4.66
-3.58
-2.47
-1.37
-0.31
0.70
1.65
2.53
3.33
4.08
4.76
5.38
5.97
6.52
7.04
7.52
7.96
8.36
8.68
8.93
9.06
9.07
8.93
8.61
8.10
7.42
6.58
5.64
4.63
3.63
2.68
1.85
1.15
0.59
0.17
-0.16
-0.44
-0.74
-1.11
-1.63
-2.35
-3.32
-4.59
-6.18
-8.10
-10.35
-12.90
-15.73
-18.81
-22.09
-25.53
-29.10
-32.75
-36.43
-40.12
-43.77
-47.36
-50.87
-54.28
-57.59
-60.79
-63.88
-66.85
-69.69
-72.38
-74.92
-77.30
-79.52
-81.59
-83.53
-85.35
-87.10
-88.80
-90.49
-92.22
-93.98
-95.81
-97.67
-99.54
-101.36
-103.13
-104.87
-106.62
-108.50
-110.58
-112.99
-115.83
-119.18
-123.11
-127.65
-132.80
-138.55
-144.91
-151.86
-159.38
-167.43
-175.98
-185.00
-194.51
-204.51
-215.05
-226.19
-238.01
-250.61
-264.11
-278.65
-294.34
-311.28
-329.50
-348.97
-369.58
-391.21
-413.67
-436.73
-460.17
-483.72
-507.16
-530.29
-552.93
-575.02
-596.49
-617.37
-637.67
-657.46
-676.84
-695.82
-714.38
-732.39
-749.70
-766.17
-781.76
-796.49
-810.41
-823.59
-836.10
-847.89
-858.87
-868.92
-877.94
-885.87
-892.74
-898.63
-903.73
-908.23
-912.42
-916.52
-920.82
-925.56
-930.97
-937.21
-944.34
-952.34
-961.06
-970.27
-979.68
-988.99
-997.93
-1006.33
-1014.06
-1021.07
-1027.32
-1032.79
-1037.48
-1041.43
-1044.66
-1047.17
-1048.96
-1050.04
-1050.39
-1049.99
-1048.79
-1046.72
-1043.75
-1039.87
-1035.06
-1029.32
-1022.71
-1015.41
-1007.65
-999.71
-991.85
-984.32
-977.33
-971.04
-965.57
-960.98
-957.29
-954.46
-952.43
-951.11
-950.34
-949.95
-949.68
-949.25
-948.30
-946.48
-943.42
-938.79
-932.38
-924.12
-914.12
-902.66
-890.19
-877.19
-864.24
-851.83
-840.41
-830.29
-821.74
-814.91
-809.94
-806.88
-805.75
-806.48
-808.91
-812.78
-817.72
-823.29
-829.02
-834.42
-839.12
-842.85
-845.50
-847.16
-848.05
-848.48
-848.78
-849.24
-850.10
-851.51
-853.60
-856.44
-860.05
-864.41
-869.38
-874.79
-880.42
-886.00
-891.22
-895.72
-899.16
-901.20
-901.56
-900.07
-896.67
-891.43
-884.51
-876.20
-866.87
-856.98
-847.04
-837.50
-828.73
-820.91
-814.05
-807.99
-802.50
-797.27
-792.03
-786.53
-780.57
-774.04
-766.92
-759.24
-751.10
-742.60
-733.88
-725.14
-716.56
-708.35
-700.65
-693.55
-687.05
-681.08
-675.45
-669.91
-664.16
-657.91
-650.92
-643.02
-634.18
-624.42
-613.82
-602.50
-590.53
-577.96
-564.83
-551.09
-536.67
-521.48
-505.50
-488.75
-471.37
-453.54
-435.52
-417.57
-399.93
-382.79
-366.24
-350.29
-334.89
-319.93
-305.30
-290.94
-276.82
-262.95
-249.40
-236.16
-223.28
-210.80
-198.75
-187.15
-176.06
-165.54
-155.65
-146.45
-137.96
-130.17
-123.06
-116.55
-110.56
-104.93
-99.49
-94.06
-88.53
-82.79
-76.88
-70.84
-64.84
-59.04
-53.61
-48.69
-44.37
-40.71
-37.71
-35.37
-33.65
-32.55
-32.05
-32.12
-32.75
-33.85
-35.33
-37.04
-38.81
-40.45
-41.75
-42.56
-42.77
-42.38
-41.43
-40.04
-38.33
-36.43
-34.47
-32.56
-30.78
-29.21
-27.89
-26.86
-26.13
-25.72
-25.61
-25.80
-26.25
-26.91
-27.73
-28.62
-29.50
-30.27
-30.84
-31.17
-31.22
-30.99
-30.53
-29.91
-29.23
-28.55
-27.98
-27.54
-27.25
-27.13
-27.14
-27.28
-27.51
-27.81
-28.18
-28.62
-29.13
-29.73
-30.42
-31.21
-32.10
-33.07
-34.13
-35.28
-36.55
-37.96
-39.56
-41.40
-43.56
-46.08
-48.98
-52.25
-55.85
-59.69
-63.72
-67.87
-72.08
-76.30
-80.51
-84.66
-88.74
-92.72
-96.52
-100.06
-103.22
-105.89
-107.94
-109.31
-109.96
-109.95
-109.38
-108.38
-107.07
-105.58
-104.01
-102.41
-100.82
-99.24
-97.69
-96.13
-94.55
-92.91
-91.18
-89.32
-87.30
-85.10
-82.72
-80.13
-77.34
-74.36
-71.23
-67.99
-64.72
-61.47
-58.30
-55.25
-52.34
-49.58
-46.95
-44.41
-41.91
-39.40
-36.83
-34.19
-31.47
-28.69
-25.89
-23.12
-20.44
-17.89
-15.52
-13.35
-11.40
-9.66
-8.11
-6.75
-5.54
-4.44
-3.43
-2.47
-1.55
-0.65
0.24
1.10
1.92
2.68
3.35
3.94
4.43
4.83
5.13
5.36
5.51
5.60
5.63
5.62
5.57
5.50
5.40
5.29
5.16
5.00
4.83
4.63
4.40
4.12
3.79
3.42
2.99
2.51
1.96
1.35
0.68
-0.08
-0.93
-1.88
-2.97
-4.22
-5.69
-7.41
-9.42
-11.78
-14.51
-17.65
-21.21
-25.16
-29.48
-34.15
-39.11
-44.30
-49.68
-55.19
-60.79
-66.46
-72.16
-77.90
-83.67
-89.50
-95.43
-101.45
-107.62
-113.94
-120.41
-126.99
-133.66
-140.37
-147.09
-153.74
-160.25
-166.53
-172.49
-178.05
-183.16
-187.79
-191.94
-195.65
-198.97
-201.98
-204.77
-207.42
-209.99
-212.55
-215.12
-217.68
-220.22
-222.67
-225.00
-227.12
-228.98
-230.53
-231.72
-232.50
-232.83
-232.67
-231.99
-230.75
-228.96
-226.66
-223.93
-220.89
-217.71
-214.53
-211.52
-208.80
-206.41
-204.37
-202.63
-201.10
-199.69
-198.32
-196.95
-195.56
-194.18
-192.87
-191.68
-190.64
-189.75
-189.00
-188.35
-187.74
-187.12
-186.49
-185.86
-185.28
-184.84
-184.64
-184.75
-185.25
-186.21
-187.69
-189.73
-192.40
-195.77
-199.89
-204.80
-210.52
-216.99
-224.14
-231.79
-239.68
-247.53
-254.98
-261.68
-267.32
-271.64
-274.53
-275.98
-276.12
-275.15
-273.32
-270.88
-268.06
-265.05
-262.01
-259.06
-256.29
-253.78
-251.55
-249.65
-248.13
-247.03
-246.44
-246.42
-247.04
-248.30
-250.17
-252.56
-255.35
-258.34
-261.39
-264.32
-267.05
-269.49
-271.62
-273.43
-274.96
-276.23
-277.31
-278.27
-279.16
-280.04
-280.94
-281.93
-283.10
-284.54
-286.34
-288.56
-291.17
-294.16
-297.41
-300.83
-304.31
-307.78
-311.25
-314.76
-318.44
-322.44
-326.90
-331.92
-337.54
-343.77
-350.55
-357.82
-365.55
-373.68
-382.21
-391.14
-400.44
-410.04
-419.84
-429.71
-439.53
-449.12
-458.35
-467.07
-475.15
-482.49
-488.96
-494.46
-498.89
-502.18
-504.32
-505.35
-505.36
-504.50
-503.00
-501.16
-499.32
-497.82
-496.96
-496.98
-498.09
-500.45
-504.17
-509.38
-516.12
-524.42
-534.30
-545.71
-558.54
-572.61
-587.64
-603.29
-619.14
-634.69
-649.48
-663.06
-675.09
-685.35
-693.78
-700.46
-705.66
-709.74
-713.15
-716.28
-719.40
-722.65
-725.99
-729.24
-732.04
-733.95
-734.49
-733.17
-729.61
-723.49
-714.69
-703.20
-689.24
-673.22
-655.67
-637.21
-618.45
-599.97
-582.21
-565.50
-549.99
-535.69
-522.41
-509.88
-497.75
-485.71
-473.50
-460.93
-447.85
-434.11
-419.60
-404.27
-388.09
-371.14
-353.54
-335.48
-317.18
-298.87
-280.77
-263.16
-246.34
-230.62
-216.30
-203.60
-192.66
-183.49
-176.00
-169.99
-165.19
-161.32
-158.11
-155.28
-152.63
-149.98
-147.26
-144.43
-141.53
-138.60
-135.69
-132.84
-130.05
-127.35
-124.78
-122.39
-120.24
-118.38
-116.88
-115.77
-115.02
-114.61
-114.46
-114.46
-114.49
-114.45
-114.25
-113.89
-113.39
-112.78
-112.14
-111.55
-111.05
-110.70
-110.52
-110.55
-110.79
-111.27
-112.01
-113.05
-114.41
-116.11
-118.15
-120.47
-123.05
-125.81
-128.67
-131.56
-134.42
-137.17
-139.78
-142.17
-144.30
-146.14
-147.69
-148.97
-150.01
-150.86
-151.59
-152.26
-152.98
-153.84
-154.92
-156.33
-158.14
-160.40
-163.16
-166.41
-170.11
-174.13
-178.26
-182.21
-185.64
-188.18
-189.49
-189.33
-187.57
-184.18
-179.28
-173.06
-165.80
-157.83
-149.49
-141.08
-132.84
-124.91
-117.33
-110.06
-102.96
-95.86
-88.53
-80.82
-72.58
-63.78
-54.42
-44.61
-34.52
-24.36
-14.38
-4.81
4.15
12.32
19.58
25.88
31.21
35.63
39.25
42.17
44.51
46.39
47.89
49.11
50.12
50.96
51.70
52.38
53.01
53.63
54.25
54.91
55.60
56.36
57.19
58.08
59.01
59.95
60.87
61.74
62.49
63.12
63.59
63.92
64.11
64.19
64.17
64.08
63.90
63.63
63.22
62.65
61.87
60.83
59.48
57.73
55.50
52.63
48.96
44.31
38.50
31.36
22.80
12.82
1.53
-10.90
-24.18
-37.99
-51.98
-65.85
-79.38
-92.46
-105.07
-117.32
-129.39
-141.51
-153.89
-166.75
-180.22
-194.35
-209.15
-224.53
-240.33
-256.37
-272.48
-288.52
-304.41
-320.14
-335.81
-351.54
-367.51
-383.92
-400.98
-418.88
-437.82
-457.93
-479.32
-502.00
-525.96
-551.07
-577.16
-603.98
-631.28
-658.72
-685.94
-712.57
-738.22
-762.52
-785.18
-805.99
-824.88
-841.86
-857.04
-870.63
-882.97
-894.52
-905.84
-917.59
-930.38
-944.68
-960.81
-978.87
-998.70
-1019.88
-1041.78
-1063.63
-1084.57
-1103.74
-1120.38
-1133.88
-1143.87
-1150.19
-1152.93
-1152.36
-1148.91
-1143.16
-1135.74
-1127.36
-1118.70
-1110.32
-1102.70
-1096.17
-1090.94
-1087.07
-1084.47
-1082.91
-1082.10
-1081.76
-1081.70
-1081.82
-1082.16
-1082.94
-1084.47
-1087.20
-1091.54
-1097.95
-1106.81
-1118.41
-1132.86
-1150.16
-1170.14
-1192.58
-1217.29
-1244.05
-1272.72
-1303.21
-1335.41
-1369.14
-1404.15
-1440.09
-1476.52
-1512.90
-1548.69
-1583.50
-1617.08
-1649.35
-1680.34
-1710.13
-1738.76
-1766.20
-1792.35
-1817.07
-1840.25
-1861.85
-1881.98
-1900.89
-1918.91
-1936.42
-1953.75
-1971.02
-1988.12
-2004.70
-2020.28
-2034.42
-2046.87
-2057.57
-2066.81
-2075.10
-2083.16
-2091.68
-2101.28
-2112.38
-2125.07
-2139.07
-2153.79
-2168.37
-2181.93
-2193.62
-2202.86
-2209.41
-2213.39
-2215.20
-2215.28
-2214.00
-2211.64
-2208.33
-2204.08
-2198.81
-2192.50
-2185.21
-2177.20
-2168.89
-2160.69
-2152.86
-2145.40
-2138.15
-2130.72
-2122.69
-2113.61
-2103.04
-2090.61
-2076.00
-2058.85
-2038.79
-2015.46
-1988.57
-1957.89
-1923.34
-1885.06
-1843.50
-1799.43
-1753.87
-1707.90
-1662.58
-1618.85
-1577.51
-1539.08
-1503.78
-1471.56
-1442.17
-1415.23
-1390.32
-1367.03
-1344.97
-1323.79
-1303.21
-1282.95
-1262.81
-1242.57
-1222.01
-1200.95
-1179.17
-1156.59
-1133.15
-1108.91
-1084.03
-1058.72
-1033.22
-1007.87
-982.98
-958.92
-936.07
-914.80
-895.52
-878.58
-864.24
-852.63
-843.79
-837.58
-833.80
-832.16
-832.32
-833.98
-836.87
-840.74
-845.40
-850.69
-856.52
-862.86
-869.73
-877.13
-885.06
-893.47
-902.23
-911.20
-920.19
-928.97
-937.30
-944.93
-951.60
-957.05
-961.10
-963.58
-964.38
-963.43
-960.72
-956.29
-950.26
-942.87
-934.39
-925.13
-915.39
-905.56
-896.01
-887.13
-879.26
-872.71
-867.68
-864.23
-862.36
-862.03
-863.14
-865.55
-869.02
-873.22
-877.79
-882.40
-886.72
-890.48
-893.48
-895.62
-896.86
-897.21
-896.73
-895.46
-893.39
-890.43
-886.36
-880.89
-873.65
-864.26
-852.34
-837.59
-819.88
-799.25
-775.91
-750.25
-722.79
-694.16
-665.02
-635.98
-607.52
-580.02
-553.72
-528.76
-505.16
-482.90
-461.89
-442.00
-423.08
-404.95
-387.52
-370.73
-354.58
-339.09
-324.27
-310.10
-296.57
-283.66
-271.37
-259.73
-248.77
-238.52
-229.04
-220.36
-212.47
-205.37
-199.00
-193.29
-188.15
-183.47
-179.20
-175.30
-171.78
-168.69
-166.04
-163.88
-162.19
-160.96
-160.14
-159.67
-159.50
-159.56
-159.80
-160.13
-160.44
-160.61
-160.49
-159.95
-158.90
-157.33
-155.29
-152.89
-150.30
-147.71
-145.28
-143.14
-141.34
-139.88
-138.72
-137.80
-137.06
-136.47
-136.02
-135.73
-135.65
-135.82
-136.24
-136.91
-137.80
-138.83
-139.94
-141.06
-142.15
-143.20
-144.19
-145.13
-146.03
-146.93
-147.89
-148.97
-150.26
-151.82
-153.67
-155.82
-158.24
-160.86
-163.57
-166.26
-168.83
-171.18
-173.24
-174.98
-176.39
-177.48
-178.27
-178.76
-178.94
-178.77
-178.20
-177.21
-175.72
-173.71
-171.16
-168.05
-164.37
-160.08
-155.18
-149.67
-143.60
-137.03
-130.08
-122.85
-115.46
-108.00
-100.53
-93.15
-85.90
-78.84
-72.00
-65.40
-59.05
-53.01
-47.33
-42.04
-37.19
-32.80
-28.85
-25.32
-22.16
-19.30
-16.70
-14.28
-12.02
-9.88
-7.89
-6.04
-4.35
-2.84
-1.51
-0.34
0.67
1.55
2.29
2.92
3.43
3.83
4.14
4.34
4.48
4.54
4.58
4.59
4.62
4.66
4.73
4.82
4.93
5.03
5.10
5.13
5.11
5.03
4.90
4.73
4.55
4.38
4.25
4.18
4.19
4.28
4.44
4.65
4.89
5.14
5.39
5.61
5.81
5.98
6.12
6.26
6.41
6.57
6.76
6.97
7.20
7.44
7.67
7.89
8.06
8.19
8.26
8.26
8.18
8.01
7.75
7.39
6.92
6.34
5.65
4.86
3.98
3.02
2.01
0.97
-0.06
-1.08
-2.04
-2.95
-3.81
-4.62
-5.41
-6.19
-6.97
-7.78
-8.64
-9.56
-10.55
-11.62
-12.79
-14.04
-15.35
-16.67
-17.98
-19.21
-20.34
-21.31
-22.09
-22.66
-23.03
-23.19
-23.17
-22.99
-22.64
-22.16
-21.55
-20.85
-20.05
-19.17
-18.21
-17.17
-16.05
-14.85
-13.55
-12.14
-10.61
-8.98
-7.23
-5.37
-3.42
-1.41
0.63
2.67
4.64
6.51
8.23
9.75
11.04
12.07
12.85
13.38
13.70
13.83
13.84
13.76
13.63
13.47
13.30
13.13
12.97
12.83
12.69
12.57
12.47
12.38
12.32
12.27
12.23
12.19
12.15
12.12
12.09
12.08
12.08
12.10
12.11
12.12
12.08
11.97
11.77
11.45
11.01
10.42
9.71
8.89
8.00
7.07
6.13
5.23
4.39
3.61
2.89
2.20
1.53
0.84
0.12
-0.67
-1.56
-2.55
-3.68
-4.96
-6.39
-8.00
-9.79
-11.78
-13.96
-16.31
-18.78
-21.32
-23.85
-26.31
-28.61
-30.64
-32.33
-33.61
-34.45
-34.80
-34.63
-33.95
-32.78
-31.16
-29.17
-26.94
-24.59
-22.27
-20.11
-18.25
-16.79
-15.80
-15.34
-15.42
-16.04
-17.18
-18.83
-20.94
-23.45
-26.29
-29.35
-32.53
-35.74
-38.87
-41.85
-44.63
-47.20
-49.56
-51.72
-53.73
-55.60
-57.33
-58.95
-60.45
-61.84
-63.12
-64.33
-65.49
-66.63
-67.81
-69.06
-70.41
-71.92
-73.61
-75.48
-77.52
-79.72
-82.08
-84.65
-87.48
-90.65
-94.20
-98.17
-102.55
-107.29
-112.31
-117.52
-122.82
-128.08
-133.17
-137.92
-142.17
-145.77
-148.62
-150.66
-151.88
-152.33
-152.11
-151.34
-150.16
-148.71
-147.10
-145.44
-143.83
-142.38
-141.16
-140.27
-139.77
-139.71
-140.10
-140.92
-142.12
-143.64
-145.35
-147.13
-148.86
-150.40
-151.67
-152.56
-153.00
-152.96
-152.43
-151.44
-150.04
-148.30
-146.29
-144.07
-141.73
-139.32
-136.90
-134.48
-132.05
-129.58
-127.06
-124.44
-121.71
-118.83
-115.79
-112.60
-109.28
-105.87
-102.42
-99.00
-95.67
-92.50
-89.53
-86.82
-84.39
-82.25
-80.40
-78.84
-77.55
-76.50
-75.69
-75.09
-74.69
-74.48
-74.47
-74.65
-75.02
-75.60
-76.40
-77.42
-78.67
-80.17
-81.92
-83.91
-86.13
-88.56
-91.20
-94.02
-96.99
-100.09
-103.26
-106.46
-109.62
-112.68
-115.58
-118.28
-120.75
-122.99
-125.01
-126.87
-128.63
-130.34
-132.07
-133.83
-135.63
-137.50
-139.41
-141.35
-143.30
-145.21
-147.04
-148.73
-150.24
-151.52
-152.53
-153.25
-153.66
-153.76
-153.54
-153.03
-152.26
-151.27
-150.10
-148.78
-147.33
-145.80
-144.18
-142.48
-140.71
-138.87
-136.97
-135.03
-133.07
-131.14
-129.25
-127.44
-125.72
-124.10
-122.60
-121.20
-119.92
-118.76
-117.69
-116.70
-115.74
-114.79
-113.81
-112.80
-111.73
-110.63
-109.52
-108.42
-107.35
-106.31
-105.30
-104.29
-103.25
-102.17
-100.99
-99.69
-98.21
-96.52
-94.58
-92.38
-89.95
-87.32
-84.50
-81.53
-78.42
-75.20
-71.87
-68.45
-64.92
-61.28
-57.52
-53.62
-49.59
-45.41
-41.11
-36.71
-32.26
-27.79
-23.38
-19.07
-14.92
-10.99
-7.33
-3.96
-0.90
1.83
4.25
6.33
8.09
9.53
10.65
11.47
12.02
12.33
12.45
12.42
12.30
12.14
11.97
11.85
11.78
11.79
11.89
12.06
12.31
12.60
12.91
13.22
13.52
13.79
14.02
14.21
14.38
14.54
14.72
14.93
15.20
15.51
15.87
16.25
16.63
16.97
17.25
17.45
17.58
17.60
17.52
17.31
16.95
16.44
15.77
14.97
14.09
13.20
12.39
11.74
11.32
11.15
11.25
11.57
12.06
12.65
13.28
13.87
14.37
14.76
15.02
15.14
15.12
14.99
14.75
14.43
14.07
13.65
13.18
12.61
11.90
10.99
9.85
8.41
6.65
4.52
2.04
-0.77
-3.87
-7.24
-10.84
-14.65
-18.64
-22.81
-27.11
-31.51
-35.94
-40.34
-44.61
-48.64
-52.29
-55.42
-57.93
-59.73
-60.79
-61.09
-60.64
-59.51
-57.78
-55.57
-53.00
-50.22
-47.35
-44.47
-41.66
-38.97
-36.44
-34.09
-31.93
-29.96
-28.17
-26.55
-25.09
-23.77
-22.56
-21.44
-20.39
-19.40
-18.46
-17.60
-16.81
-16.12
-15.54
-15.10
-14.81
-14.67
-14.68
-14.87
-15.21
-15.71
-16.36
-17.12
-17.99
-18.94
-19.94
-20.96
-21.99
-23.00
-23.98
-24.93
-25.84
-26.68
-27.45
-28.13
-28.71
-29.16
-29.50
-29.72
-29.81
-29.78
-29.65
-29.43
-29.13
-28.73
-28.23
-27.61
-26.84
-25.91
-24.83
-23.61
-22.26
-20.81
-19.30
-17.77
-16.27
-14.85
-13.57
-12.47
-11.59
-10.98
-10.67
-10.66
-10.98
-11.63
-12.59
-13.85
-15.40
-17.23
-19.32
-21.68
-24.30
-27.17
-30.28
-33.62
-37.15
-40.83
-44.61
-48.43
-52.20
-55.87
-59.36
-62.62
-65.62
-68.31
-70.71
-72.82
-74.70
-76.41
-78.06
-79.74
-81.59
-83.73
-86.28
-89.32
-92.93
-97.11
-101.83
-107.00
-112.47
-118.08
-123.62
-128.89
-133.71
-137.94
-141.45
-144.22
-146.24
-147.58
-148.31
-148.55
-148.47
-148.23
-148.01
-147.98
-148.26
-148.98
-150.22
-152.07
-154.57
-157.78
-161.69
-166.33
-171.69
-177.75
-184.53
-192.01
-200.22
-209.14
-218.79
-229.17
-240.28
-252.17
-264.85
-278.36
-292.68
-307.78
-323.60
-340.00
-356.78
-373.68
-390.40
-406.56
-421.81
-435.79
-448.16
-458.70
-467.21
-473.56
-477.73
-479.75
-479.72
-477.82
-474.29
-469.39
-463.45
-456.79
-449.73
-442.56
-435.52
-428.83
-422.67
-417.23
-412.65
-409.01
-406.36
-404.71
-404.04
-404.29
-405.37
-407.20
-409.65
-412.54
-415.71
-419.03
-422.37
-425.62
-428.67
-431.41
-433.76
-435.67
-437.11
-438.06
-438.53
-438.61
-438.39
-438.00
-437.57
-437.22
-437.05
-437.15
-437.60
-438.52
-440.03
-442.27
-445.39
-449.48
-454.58
-460.70
-467.72
-475.46
-483.63
-491.85
-499.74
-506.87
-512.93
-517.70
-521.08
-523.12
-524.00
-524.01
-523.51
-522.92
-522.65
-523.07
-524.49
-527.13
-531.12
-536.54
-543.31
-551.28
-560.19
-569.69
-579.40
-588.95
-597.98
-606.25
-613.65
-620.24
-626.27
-632.16
-638.47
-645.79
-654.75
-665.86
-679.61
-696.38
-716.40
-739.81
-766.56
-796.49
-829.29
-864.53
-901.75
-940.42
-980.07
-1020.22
-1060.49
-1100.57
-1140.19
-1179.08
-1217.07
-1254.03
-1289.97
-1325.00
-1359.42
-1393.70
-1428.54
-1464.77
-1503.27
-1544.76
-1589.74
-1638.45
-1690.89
-1746.85
-1806.02
-1867.94
-1932.02
-1997.49
-2063.39
-2128.53
-2191.59
-2251.08
-2305.36
-2352.60
-2390.97
-2418.81
-2434.88
-2438.35
-2428.93
-2406.86
-2372.95
-2328.55
-2275.36
-2215.29
-2150.15
-2081.62
-2011.14
-1939.95
-1869.09
-1799.41
-1731.46
-1665.63
-1602.17
-1541.29
-1483.14
-1427.84
-1375.42
-1325.85
-1279.09
-1235.01
-1193.49
-1154.44
-1117.75
-1083.34
-1051.08
-1020.84
-992.41
-965.59
-940.12
-915.78
-892.33
-869.60
-847.44
-825.78
-804.61
-783.94
-763.85
-744.46
-725.93
-708.42
-692.11
-677.14
-663.65
-651.78
-641.61
-633.20
-626.60
-621.77
-618.65
-617.13
-617.04
-618.18
-620.33
-623.30
-626.91
-630.99
-635.37
-639.95
-644.65
-649.40
-654.16
-658.89
-663.51
-667.93
-672.04
-675.69
-678.75
-681.14
-682.80
-683.75
-684.06
-683.82
-683.17
-682.22
-681.09
-679.88
-678.68
-677.53
-676.44
-675.37
-674.29
-673.16
-672.00
-670.87
-669.90
-669.24
-669.12
-669.85
-671.75
-675.14
-680.25
-687.22
-696.05
-706.64
-718.77
-732.18
-746.58
-761.69
-777.31
-793.31
-809.62
-826.17
-842.86
-859.63
-876.44
-893.26
-910.07
-926.86
-943.66
-960.57
-977.69
-995.16
-1013.02
-1031.25
-1049.77
-1068.44
-1087.07
-1105.46
-1123.34
-1140.47
-1156.57
-1171.41
-1184.75
-1196.35
-1205.95
-1213.26
-1217.99
-1219.83
-1218.57
-1214.11
-1206.48
-1195.83
-1182.38
-1166.41
-1148.27
-1128.31
-1106.93
-1084.51
-1061.38
-1037.88
-1014.29
-990.91
-967.96
-945.60
-923.98
-903.17
-883.23
-864.18
-846.04
-828.76
-812.34
-796.75
-781.99
-768.07
-755.03
-742.91
-731.76
-721.62
-712.57
-704.65
-697.85
-692.14
-687.38
-683.35
-679.73
-676.16
-672.33
-667.95
-662.86
-657.01
-650.41
-643.15
-635.30
-626.97
-618.21
-609.08
-599.62
-589.89
-579.98
-569.99
-560.07
-550.40
-541.13
-532.46
-524.52
-517.45
-511.33
-506.20
-502.07
-498.91
-496.63
-495.15
-494.34
-494.06
-494.21
-494.66
-495.25
-495.84
-496.24
-496.27
-495.79
-494.69
-492.93
-490.55
-487.59
-484.17
-480.37
-476.32
-472.07
-467.67
-463.11
-458.36
-453.36
-448.05
-442.38
-436.29
-429.76
-422.79
-415.39
-407.62
-399.51
-391.16
-382.68
-374.18
-365.76
-357.50
-349.50
-341.83
-334.58
-327.85
-321.70
-316.19
-311.33
-307.13
-303.53
-300.48
-297.86
-295.53
-293.35
-291.18
-288.94
-286.61
-284.22
-281.84
-279.54
-277.40
-275.46
-273.73
-272.17
-270.67
-269.13
-267.40
-265.33
-262.84
-259.86
-256.37
-252.33
-247.73
-242.56
-236.83
-230.55
-223.78
-216.58
-209.06
-201.37
-193.71
-186.28
-179.30
-172.95
-167.35
-162.60
-158.74
-155.77
-153.67
-152.41
-151.96
-152.28
-153.30
-154.96
-157.15
-159.78
-162.70
-165.76
-168.79
-171.59
-173.94
-175.63
-176.47
-176.33
-175.15
-172.94
-169.84
-166.03
-161.81
-157.48
-153.36
-149.73
-146.82
-144.77
-143.69
-143.61
-144.53
-146.39
-149.13
-152.62
-156.70
-161.18
-165.80
-170.32
-174.47
-178.06
-180.92
-183.00
-184.30
-184.90
-184.93
-184.52
-183.82
-182.97
-182.10
-181.31
-180.68
-180.27
-180.06
-180.06
-180.25
-180.59
-181.08
-181.69
-182.44
-183.30
-184.26
-185.24
-186.17
-186.93
-187.42
-187.56
-187.24
-186.42
-185.02
-183.04
-180.45
-177.28
-173.56
-169.37
-164.77
-159.86
-154.73
-149.47
-144.20
-139.01
-133.95
-129.02
-124.15
-119.28
-114.30
-109.14
-103.72
-98.00
-91.97
-85.72
-79.34
-72.97
-66.76
-60.82
-55.23
-50.03
-45.24
-40.83
-36.76
-32.98
-29.45
-26.13
-23.01
-20.09
-17.35
-14.80
-12.42
-10.26
-8.32
-6.65
-5.28
-4.24
-3.55
-3.20
-3.16
-3.32
-3.57
-3.76
-3.73
-3.36
-2.54
-1.24
0.54
2.74
5.28
8.05
10.95
13.89
16.77
19.53
22.09
24.42
26.49
28.29
29.88
31.29
32.58
33.78
34.94
36.06
37.13
38.12
38.98
39.66
40.14
40.36
40.34
40.08
39.62
38.99
38.26
37.47
36.67
35.89
35.16
34.47
33.80
33.13
32.42
31.66
30.84
29.96
29.02
28.03
26.96
25.79
24.49
23.02
21.35
19.43
17.24
14.72
11.84
8.56
4.88
0.77
-3.73
-8.63
-13.88
-19.47
-25.36
-31.53
-37.91
-44.45
-51.08
-57.73
-64.32
-70.77
-77.02
-83.03
-88.79
-94.29
-99.51
-104.47
-109.13
-113.44
-117.34
-120.75
-123.59
-125.76
-127.22
-127.89
-127.71
-126.63
-124.63
-121.73
-117.99
-113.54
-108.51
-103.07
-97.41
-91.69
-86.08
-80.72
-75.69
-71.10
-67.01
-63.45
-60.47
-58.08
-56.26
-55.00
-54.26
-54.03
-54.29
-55.06
-56.37
-58.25
-60.77
-64.02
-68.08
-73.02
-78.85
-85.55
-93.08
-101.34
-110.21
-119.59
-129.33
-139.36
-149.58
-159.92
-170.30
-180.69
-191.05
-201.37
-211.66
-221.97
-232.34
-242.77
-253.25
-263.68
-273.91
-283.72
-292.87
-301.07
-308.03
-313.52
-317.36
-319.47
-319.92
-318.90
-316.71
-313.66
-310.08
-306.26
-302.44
-298.77
-295.34
-292.20
-289.39
-286.91
-284.80
-283.05
-281.65
-280.56
-279.73
-279.10
-278.58
-278.08
-277.48
-276.71
-275.70
-274.40
-272.77
-270.83
-268.58
-266.05
-263.29
-260.37
-257.37
-254.39
-251.57
-249.05
-246.98
-245.48
-244.65
-244.58
-245.31
-246.86
-249.18
-252.19
-255.75
-259.71
-263.89
-268.14
-272.30
-276.24
-279.81
-282.92
-285.43
-287.23
-288.24
-288.41
-287.74
-286.29
-284.19
-281.57
-278.61
-275.49
-272.40
-269.46
-266.80
-264.55
-262.83
-261.76
-261.41
-261.84
-263.14
-265.39
-268.62
-272.89
-278.19
-284.52
-291.82
-300.01
-308.99
-318.63
-328.83
-339.44
-350.36
-361.48
-372.73
-384.03
-395.28
-406.42
-417.33
-427.88
-437.94
-447.45
-456.42
-464.95
-473.25
-481.55
-490.14
-499.29
-509.28
-520.33
-532.58
-546.08
-560.76
-576.48
-593.06
-610.33
-628.14
-646.35
-664.82
-683.37
-701.83
-719.98
-737.65
-754.63
-770.67
-785.47
-798.78
-810.37
-820.14
-828.06
-834.11
-838.33
-840.75
-841.38
-840.27
-837.49
-833.15
-827.39
-820.36
-812.25
-803.23
-793.47
-783.12
-772.27
-760.90
-748.99
-736.46
-723.25
-709.36
-694.82
-679.70
-664.09
-648.10
-631.94
-615.82
-599.94
-584.47
-569.51
-555.14
-541.36
-528.11
-515.27
-502.72
-490.33
-477.96
-465.48
-452.73
-439.58
-425.89
-411.56
-396.56
-380.86
-364.50
-347.60
-330.39
-313.21
-296.51
-280.77
-266.51
-254.15
-244.03
-236.29
-230.96
-227.90
-226.93
-227.81
-230.25
-233.96
-238.67
-244.10
-250.03
-256.28
-262.70
-269.15
-275.57
-281.92
-288.17
-294.39
-300.64
-307.03
-313.69
-320.71
-328.15
-336.02
-344.30
-352.90
-361.69
-370.50
-379.19
-387.60
-395.63
-403.19
-410.23
-416.75
-422.77
-428.34
-433.56
-438.54
-443.43
-448.39
-453.59
-459.25
-465.56
-472.71
-480.84
-490.05
-500.38
-511.78
-524.11
-537.12
-550.54
-564.09
-577.45
-590.34
-602.46
-613.59
-623.53
-632.17
-639.52
-645.68
-650.89
-655.49
-659.90
-664.61
-670.10
-676.84
-685.26
-695.68
-708.29
-723.18
-740.25
-759.23
-779.75
-801.37
-823.64
-846.15
-868.59
-890.74
-912.50
-933.78
-954.48
-974.51
-993.72
-1011.92
-1028.88
-1044.32
-1057.98
-1069.61
-1079.12
-1086.51
-1091.90
-1095.48
-1097.44
-1097.97
-1097.19
-1095.18
-1091.95
-1087.49
-1081.77
-1074.77
-1066.52
-1057.11
-1046.68
-1035.44
-1023.69
-1011.73
-999.86
-988.34
-977.38
-967.15
-957.71
-949.10
-941.25
-934.02
-927.23
-920.67
-914.20
-907.64
-900.87
-893.80
-886.37
-878.53
-870.28
-861.61
-852.52
-843.03
-833.15
-822.92
-812.32
-801.38
-790.11
-778.59
-766.88
-755.09
-743.32
-731.66
-720.20
-709.00
-698.12
-687.62
-677.51
-667.82
-658.57
-649.81
-641.61
-634.06
-627.23
-621.22
-616.14
-612.10
-609.18
-607.47
-607.02
-607.87
-610.02
-613.45
-618.12
-623.92
-630.70
-638.27
-646.34
-654.62
-662.76
-670.40
-677.18
-682.75
-686.77
-688.94
-689.08
-687.04
-682.85
-676.62
-668.56
-658.95
-648.11
-636.30
-623.79
-610.78
-597.45
-583.92
-570.30
-556.65
-543.02
-529.51
-516.19
-503.21
-490.67
-478.71
-467.43
-456.92
-447.23
-438.34
-430.19
-422.66
-415.60
-408.83
-402.19
-395.55
-388.81
-381.95
-374.95
-367.80
-360.52
-353.07
-345.42
-337.49
-329.24
-320.63
-311.68
-302.41
-292.89
-283.21
-273.52
-263.95
-254.66
-245.75
-237.25
-229.08
-221.10
-213.14
-205.02
-196.57
-187.70
-178.38
-168.63
-158.57
-148.34
-138.13
-128.13
-118.47
-109.23
-100.43
-92.04
-84.01
-76.28
-68.80
-61.52
-54.43
-47.57
-40.99
-34.76
-28.97
-23.64
-18.83
-14.51
-10.69
-7.33
-4.41
-1.87
0.31
2.17
3.76
5.10
6.22
7.14
7.91
8.54
9.05
9.49
9.87
10.21
10.51
10.79
11.04
11.28
11.50
11.72
11.92
12.12
12.32
12.53
12.76
13.02
13.33
13.71
14.16
14.70
15.31
15.96
16.63
17.25
17.78
18.18
18.45
18.57
18.57
18.47
18.31
18.10
17.88
17.65
17.43
17.21
17.02
16.84
16.68
16.53
16.39
16.26
16.13
15.98
15.83
15.67
15.50
15.34
15.20
15.07
14.98
14.92
14.91
14.92
14.98
15.06
15.15
15.27
15.38
15.48
15.57
15.64
15.68
15.68
15.63
15.53
15.35
15.10
14.77
14.36
13.89
13.39
12.88
12.42
12.03
11.74
11.58
11.54
11.61
11.77
11.98
12.21
12.43
12.62
12.76
12.83
12.84
12.78
12.67
12.49
12.27
12.00
11.68
11.32
10.91
10.45
9.93
9.33
8.65
7.86
6.95
5.90
4.69
3.31
1.75
0.01
-1.89
-3.95
-6.13
-8.40
-10.71
-13.02
-15.28
-17.44
-19.48
-21.39
-23.15
-24.82
-26.41
-27.97
-29.55
-31.15
-32.80
-34.45
-36.10
-37.70
-39.22
-40.64
-41.94
-43.12
-44.23
-45.28
-46.31
-47.36
-48.46
-49.67
-50.98
-52.43
-54.01
-55.72
-57.54
-59.47
-61.47
-63.50
-65.52
-67.48
-69.31
-70.99
-72.46
-73.67
-74.63
-75.30
-75.70
-75.87
-75.82
-75.61
-75.31
-74.98
-74.68
-74.49
-74.48
-74.69
-75.17
-75.98
-77.16
-78.73
-80.70
-83.06
-85.76
-88.78
-92.06
-95.56
-99.24
-103.06
-106.99
-110.99
-115.05
-119.15
-123.24
-127.32
-131.37
-135.37
-139.29
-143.12
-146.86
-150.50
-154.06
-157.55
-160.97
-164.33
-167.65
-170.91
-174.15
-177.35
-180.55
-183.74
-186.95
-190.20
-193.51
-196.93
-200.46
-204.16
-208.02
-212.07
-216.28
-220.64
-225.14
-229.74
-234.39
-239.04
-243.59
-247.98
-252.10
-255.87
-259.24
-262.16
-264.66
-266.76
-268.58
-270.23
-271.87
-273.60
-275.53
-277.74
-280.28
-283.19
-286.50
-290.20
-294.25
-298.61
-303.20
-307.97
-312.83
-317.76
-322.70
-327.64
-332.57
-337.55
-342.61
-347.78
-353.14
-358.71
-364.51
-370.54
-376.78
-383.18
-389.63
-396.00
-402.15
-407.93
-413.18
-417.76
-421.56
-424.49
-426.53
-427.69
-427.99
-427.50
-426.31
-424.57
-422.41
-420.03
-417.60
-415.28
-413.19
-411.46
-410.15
-409.28
-408.81
-408.63
-408.60
-408.51
-408.11
-407.09
-405.16
-402.06
-397.65
-391.88
-384.91
-377.03
-368.69
-360.34
-352.43
-345.31
-339.25
-334.42
-330.88
-328.59
-327.46
-327.33
-328.01
-329.28
-330.89
-332.59
-334.15
-335.40
-336.25
-336.67
-336.70
-336.44
-335.99
-335.50
-335.12
-335.07
-335.59
-337.00
-339.61
-343.73
-349.73
-357.88
-368.41
-381.43
-396.92
-414.75
-434.63
-456.13
-478.66
-501.60
-524.19
-545.66
-565.25
-582.26
-596.10
-606.32
-612.60
-614.82
-613.03
-607.52
-598.73
-587.21
-573.62
-558.64
-542.98
-527.28
-512.10
-497.93
-485.17
-474.17
-465.22
-458.52
-454.22
-452.40
-453.04
-456.02
-461.09
-467.92
-476.06
-485.02
-494.23
-503.07
-510.98
-517.42
-521.93
-524.14
-523.83
-521.00
-515.78
-508.45
-499.39
-489.02
-477.76
-466.03
-454.19
-442.57
-431.41
-420.89
-411.18
-402.42
-394.73
-388.25
-383.15
-379.59
-377.65
-377.40
-378.82
-381.84
-386.33
-392.10
-398.85
-406.27
-413.96
-421.57
-428.72
-434.98
-439.94
-443.23
-444.51
-443.57
-440.23
-434.40
-426.03
-415.17
-401.98
-386.64
-369.43
-350.67
-330.74
-310.03
-288.90
-267.70
-246.69
-226.12
-206.21
-187.17
-169.19
-152.38
-136.83
-122.58
-109.62
-97.89
-87.32
-77.82
-69.33
-61.79
-55.16
-49.43
-44.60
-40.66
-37.64
-35.55
-34.40
-34.21
-34.97
-36.64
-39.16
-42.43
-46.31
-50.63
-55.17
-59.72
-64.08
-68.05
-71.49
-74.27
-76.30
-77.54
-77.97
-77.65
-76.63
-75.01
-72.89
-70.39
-67.59
-64.59
-61.44
-58.25
-55.07
-51.99
-49.07
-46.39
-44.02
-42.00
-40.40
-39.25
-38.58
-38.40
-38.73
-39.53
-40.77
-42.41
-44.40
-46.71
-49.30
-52.14
-55.24
-58.59
-62.23
-66.18
-70.46
-75.07
-80.00
-85.19
-90.56
-95.97
-101.29
-106.38
-111.07
-115.23
-118.75
-121.56
-123.65
-125.05
-125.79
-125.91
-125.48
-124.55
-123.17
-121.40
-119.28
-116.85
-114.14
-111.18
-107.99
-104.60
-100.99
-97.15
-93.04
-88.62
-83.89
-78.83
-73.49
-67.91
-62.14
-56.22
-50.19
-44.11
-38.02
-31.96
-25.99
-20.16
-14.51
-9.10
-4.01
0.67
4.86
8.48
11.50
13.88
15.62
16.75
17.32
17.42
17.15
16.64
16.01
15.40
14.92
14.64
14.61
14.81
15.22
15.76
16.36
16.96
17.48
17.89
18.15
18.26
18.21
18.01
17.71
17.32
16.88
16.39
15.89
15.37
14.84
14.29
13.72
13.13
12.51
11.88
11.24
10.60
9.96
9.33
8.72
8.13
7.56
7.04
6.57
6.19
5.90
5.74
5.73
5.88
6.18
6.64
7.22
7.90
8.63
9.38
10.11
10.79
11.41
11.97
12.46
12.90
13.30
13.67
14.05
14.44
14.88
15.36
15.90
16.49
17.09
17.66
18.14
18.48
18.65
18.64
18.49
18.25
18.03
17.92
17.99
18.28
18.80
19.53
20.43
21.45
22.52
23.57
24.55
25.40
26.07
26.52
26.71
26.66
26.35
25.83
25.14
24.33
23.46
22.57
21.71
20.89
20.11
19.40
18.74
18.13
17.56
17.05
16.63
16.33
16.22
16.33
16.69
17.34
18.27
19.45
20.83
22.33
23.85
25.30
26.60
27.66
28.45
28.92
29.09
28.96
28.57
27.96
27.18
26.26
25.25
24.16
23.03
21.84
20.64
19.41
18.20
17.02
15.92
14.94
14.09
13.41
12.87
12.44
12.10
11.81
11.55
11.30
11.05
10.83
10.62
10.43
10.27
10.12
9.97
9.81
9.62
9.39
9.14
8.86
8.58
8.33
8.14
8.04
8.07
8.22
8.50
8.87
9.33
9.84
10.35
10.86
11.33
11.74
12.10
12.40
12.63
12.80
12.92
12.98
13.00
12.96
12.88
12.78
12.65
12.51
12.34
12.13
11.88
11.54
11.13
10.61
10.00
9.26
8.39
7.35
6.09
4.59
2.78
0.61
-1.95
-4.93
-8.33
-12.14
-16.32
-20.83
-25.61
-30.62
-35.77
-41.00
-46.24
-51.44
-56.58
-61.66
-66.70
-71.81
-77.09
-82.66
-88.66
-95.22
-102.49
-110.59
-119.61
-129.60
-140.57
-152.46
-165.14
-178.45
-192.16
-206.01
-219.69
-232.90
-245.35
-256.76
-266.89
-275.53
-282.55
-287.92
-291.69
-293.97
-294.91
-294.67
-293.46
-291.46
-288.87
-285.89
-282.65
-279.26
-275.77
-272.19
-268.51
-264.69
-260.74
-256.65
-252.45
-248.13
-243.71
-239.17
-234.55
-229.88
-225.19
-220.48
-215.75
-210.97
-206.16
-201.32
-196.53
-191.86
-187.37
-183.09
-179.06
-175.31
-171.86
-168.77
-166.10
-163.94
-162.34
-161.35
-160.99
-161.26
-162.09
-163.40
-165.09
-167.01
-169.02
-170.95
-172.68
-174.07
-175.05
-175.58
-175.64
-175.26
-174.44
-173.18
-171.46
-169.21
-166.39
-162.94
-158.83
-154.07
-148.70
-142.79
-136.47
-129.87
-123.17
-116.53
-110.11
-104.07
-98.53
-93.61
-89.38
-85.89
-83.19
-81.28
-80.13
-79.70
-79.91
-80.70
-81.99
-83.74
-85.91
-88.52
-91.58
-95.12
-99.18
-103.80
-109.05
-114.99
-121.70
-129.27
-137.78
-147.27
-157.76
-169.19
-181.47
-194.46
-208.00
-221.85
-235.83
-249.72
-263.34
-276.50
-289.02
-300.75
-311.52
-321.14
-329.44
-336.24
-341.41
-344.82
-346.43
-346.24
-344.36
-340.98
-336.40
-330.97
-325.07
-319.05
-313.20
-307.75
-302.82
-298.44
-294.54
-290.99
-287.62
-284.24
-280.68
-276.79
-272.47
-267.65
-262.31
-256.46
-250.21
-243.68
-237.03
-230.42
-224.02
-217.94
-212.26
-207.03
-202.24
-197.87
-193.81
-189.97
-186.22
-182.44
-178.51
-174.30
-169.68
-164.54
-158.81
-152.47
-145.55
-138.10
-130.23
-122.05
-113.69
-105.27
-96.95
-88.85
-81.10
-73.78
-66.93
-60.56
-54.65
-49.17
-44.09
-39.36
-34.96
-30.84
-26.97
-23.30
-19.75
-16.28
-12.85
-9.44
-6.04
-2.67
0.65
3.86
6.88
9.64
12.07
14.11
15.73
16.90
17.62
17.88
17.64
16.89
15.58
13.65
11.04
7.70
3.55
-1.46
-7.38
-14.28
-22.22
-31.27
-41.53
-53.09
-66.08
-80.61
-96.79
-114.71
-134.38
-155.77
-178.74
-203.09
-228.51
-254.61
-280.96
-307.16
-332.88
-357.91
-382.19
-405.73
-428.61
-450.90
-472.59
-493.64
-513.96
-533.52
-552.35
-570.51
-588.08
-605.16
-621.84
-638.23
-654.42
-670.49
-686.50
-702.54
-718.67
-734.97
-751.51
-768.35
-785.52
-802.99
-820.71
-838.59
-856.52
-874.38
-892.04
-909.33
-926.08
-942.07
-957.08
-970.89
-983.27
-994.03
-1002.97
-1009.97
-1014.87
-1017.52
-1017.80
-1015.69
-1011.30
-1004.82
-996.45
-986.40
-974.82
-961.84
-947.56
