-2048.41
-2048.07
-2044.05
-2036.35
-2024.86
-2009.46
-1990.09
-1966.73
-1939.53
-1908.73
-1874.79
-1838.33
-1800.17
-1761.25
-1722.56
-1684.96
-1649.08
-1615.29
-1583.65
-1553.97
-1525.86
-1498.86
-1472.59
-1446.83
-1421.57
-1396.96
-1373.28
-1350.87
-1330.10
-1311.30
-1294.77
-1280.66
-1269.04
-1259.87
-1252.99
-1248.19
-1245.23
-1243.82
-1243.73
-1244.72
-1246.52
-1248.87
-1251.52
-1254.22
-1256.78
-1259.08
-1261.07
-1262.77
-1264.26
-1265.72
-1267.35
-1269.33
-1271.83
-1274.95
-1278.62
-1282.67
-1286.82
-1290.76
-1294.24
-1297.10
-1299.39
-1301.34
-1303.35
-1305.94
-1309.69
-1315.11
-1322.49
-1331.92
-1343.22
-1356.07
-1369.99
-1384.51
-1399.21
-1413.72
-1427.79
-1441.26
-1454.03
-1466.02
-1477.19
-1487.49
-1496.80
-1505.04
-1512.11
-1518.03
-1522.85
-1526.67
-1529.64
-1531.99
-1534.06
-1536.22
-1538.89
-1542.45
-1547.23
-1553.50
-1561.50
-1571.42
-1583.46
-1597.76
-1614.39
-1633.29
-1654.16
-1676.53
-1699.73
-1723.06
-1745.83
-1767.50
-1787.70
-1806.22
-1823.01
-1838.27
-1852.29
-1865.39
-1877.83
-1889.77
-1901.18
-1911.85
-1921.38
-1929.23
-1934.70
-1937.09
-1935.68
-1929.86
-1919.12
-1903.14
-1881.71
-1854.76
-1822.36
-1784.74
-1742.17
-1695.08
-1643.97
-1589.52
-1532.57
-1474.01
-1414.74
-1355.57
-1297.26
-1240.47
-1185.74
-1133.45
-1083.77
-1036.80
-992.52
-950.89
-911.84
-875.25
-841.01
-808.97
-778.95
-750.82
-724.44
-699.70
-676.50
-654.79
-634.50
-615.64
-598.29
-582.56
-568.58
-556.46
-546.25
-537.95
-531.45
-526.59
-523.14
-520.80
-519.26
-518.20
-517.32
-516.32
-514.96
-513.04
-510.43
-507.07
-503.02
-498.42
-493.50
-488.52
-483.78
-479.51
-475.92
-473.12
-471.11
-469.84
-469.15
-468.86
-468.73
-468.56
-468.12
-467.26
-465.85
-463.85
-461.24
-458.12
-454.61
-450.87
-447.12
-443.63
-440.66
-438.45
-437.21
-437.05
-437.97
-439.88
-442.61
-445.96
-449.69
-453.59
-457.48
-461.23
-464.72
-467.94
-470.92
-473.77
-476.65
-479.79
-483.52
-488.14
-494.02
-501.46
-510.74
-522.01
-535.29
-550.48
-567.33
-585.51
-604.67
-624.46
-644.59
-664.75
-684.75
-704.35
-723.36
-741.61
-759.02
-775.71
-791.96
-808.16
-824.80
-842.33
-861.10
-881.27
-902.77
-925.23
-948.04
-970.35
-991.26
-1009.90
-1025.61
-1038.00
-1046.91
-1052.46
-1054.91
-1054.67
-1052.21
-1048.00
-1042.50
-1036.09
-1029.09
-1021.71
-1014.18
-1006.65
-999.26
-992.07
-985.15
-978.48
-972.05
-965.84
-959.82
-953.95
-948.28
-942.88
-937.87
-933.41
-929.68
-926.94
-925.46
-925.44
-926.92
-929.82
-933.88
-938.77
-943.97
-948.86
-952.80
-955.12
-955.19
-952.44
-946.42
-936.80
-923.46
-906.45
-886.04
-862.63
-836.82
-809.35
-781.10
-753.04
-726.02
-700.80
-677.97
-657.95
-640.91
-626.89
-615.73
-607.15
-600.73
-595.98
-592.41
-589.50
-586.77
-583.88
-580.63
-576.98
-573.04
-569.04
-565.28
-562.16
-560.05
-559.38
-560.52
-563.80
-569.43
-577.48
-587.94
-600.66
-615.38
-631.77
-649.39
-667.76
-686.40
-704.91
-722.90
-740.01
-755.93
-770.34
-782.94
-793.46
-801.72
-807.65
-811.29
-812.77
-812.33
-810.24
-806.77
-802.16
-796.57
-790.13
-782.91
-775.00
-766.52
-757.69
-748.84
-740.37
-732.66
-726.05
-720.78
-716.95
-714.56
-713.49
-713.60
-714.70
-716.62
-719.19
-722.23
-725.60
-729.18
-732.88
-736.68
-740.60
-744.78
-749.44
-754.81
-761.17
-768.77
-777.83
-788.56
-801.13
-815.66
-832.19
-850.70
-871.13
-893.25
-916.84
-941.62
-967.27
-993.53
-1020.16
-1046.91
-1073.59
-1100.02
-1125.97
-1151.17
-1175.33
-1198.10
-1219.17
-1238.17
-1254.74
-1268.55
-1279.38
-1287.05
-1291.54
-1292.98
-1291.68
-1288.06
-1282.65
-1276.01
-1268.74
-1261.44
-1254.66
-1248.87
-1244.39
-1241.44
-1240.11
-1240.48
-1242.53
-1246.22
-1251.39
-1257.83
-1265.26
-1273.36
-1281.78
-1290.18
-1298.24
-1305.75
-1312.51
-1318.37
-1323.22
-1327.03
-1329.79
-1331.52
-1332.24
-1331.95
-1330.69
-1328.42
-1325.16
-1320.92
-1315.74
-1309.70
-1302.85
-1295.28
-1287.10
-1278.46
-1269.54
-1260.56
-1251.73
-1243.26
-1235.36
-1228.22
-1221.93
-1216.50
-1211.83
-1207.83
-1204.40
-1201.45
-1198.91
-1196.82
-1195.16
-1193.95
-1193.19
-1192.86
-1192.89
-1193.15
-1193.38
-1193.24
-1192.34
-1190.36
-1187.04
-1182.24
-1176.01
-1168.60
-1160.36
-1151.76
-1143.30
-1135.49
-1128.80
-1123.74
-1120.70
-1119.94
-1121.56
-1125.49
-1131.50
-1139.23
-1148.17
-1157.71
-1167.27
-1176.30
-1184.44
-1191.48
-1197.45
-1202.60
-1207.31
-1212.10
-1217.48
-1223.93
-1231.78
-1241.27
-1252.49
-1265.39
-1279.88
-1295.76
-1312.75
-1330.51
-1348.61
-1366.64
-1384.19
-1400.98
-1416.87
-1431.89
-1446.30
-1460.51
-1475.05
-1490.48
-1507.27
-1525.81
-1546.29
-1568.75
-1593.03
-1618.81
-1645.72
-1673.31
-1701.21
-1729.08
-1756.66
-1783.74
-1810.22
-1836.02
-1861.11
-1885.50
-1909.19
-1932.24
-1954.73
-1976.85
-1998.89
-2021.18
-2044.11
-2068.08
-2093.47
-2120.60
-2149.72
-2180.92
-2214.16
-2249.24
-2285.87
-2323.67
-2362.23
-2401.13
-2439.96
-2478.32
-2515.79
-2552.06
-2586.88
-2620.12
-2651.59
-2681.19
-2708.84
-2734.58
-2758.51
-2780.78
-2801.59
-2821.11
-2839.38
-2856.25
-2871.39
-2884.42
-2894.88
-2902.20
-2905.79
-2905.15
-2899.88
-2889.74
-2874.53
-2854.22
-2828.98
-2799.25
-2765.71
-2729.17
-2690.49
-2650.51
-2609.95
-2569.44
-2529.39
-2490.02
-2451.33
-2413.21
-2375.50
-2337.99
-2300.50
-2262.86
-2224.96
-2186.70
-2148.07
-2109.09
-2069.87
-2030.47
-1990.99
-1951.49
-1911.96
-1872.34
-1832.49
-1792.30
-1751.68
-1710.56
-1668.92
-1626.75
-1584.10
-1541.04
-1497.66
-1454.13
-1410.71
-1367.76
-1325.77
-1285.28
-1246.95
-1211.44
-1179.30
-1150.91
-1126.44
-1105.80
-1088.72
-1074.70
-1063.12
-1053.32
-1044.64
-1036.49
-1028.38
-1019.99
-1011.14
-1001.76
-991.89
-981.64
-971.11
-960.44
-949.68
-938.89
-928.05
-917.12
-906.04
-894.66
-882.83
-870.38
-857.19
-843.20
-828.44
-813.02
-797.10
-780.89
-764.59
-748.42
-732.60
-717.39
-703.00
-689.62
-677.39
-666.41
-656.74
-648.41
-641.38
-635.56
-630.84
-627.11
-624.20
-621.94
-620.14
-618.62
-617.24
-615.93
-614.70
-613.62
-612.84
-612.51
-612.76
-613.71
-615.36
-617.69
-620.56
-623.80
-627.20
-630.50
-633.38
-635.51
-636.54
-636.13
-633.93
-629.60
-622.88
-613.67
-602.07
-588.40
-573.17
-556.96
-540.41
-524.07
-508.41
-493.81
-480.48
-468.50
-457.85
-448.45
-440.15
-432.80
-426.19
-420.12
-414.40
-408.86
-403.37
-397.90
-392.44
-387.09
-381.99
-377.33
-373.31
-370.16
-368.07
-367.26
-367.89
-370.12
-374.05
-379.73
-387.14
-396.18
-406.67
-418.38
-430.98
-444.09
-457.32
-470.24
-482.48
-493.73
-503.70
-512.13
-518.83
-523.62
-526.36
-526.98
-525.40
-521.63
-515.66
-507.55
-497.39
-485.34
-471.55
-456.24
-439.54
-421.65
-402.75
-383.07
-362.84
-342.29
-321.62
-301.06
-280.77
-260.85
-241.45
-222.64
-204.51
-187.08
-170.37
-154.33
-138.93
-124.10
-109.77
-95.90
-82.42
-69.33
-56.61
-44.33
-32.56
-21.43
-11.09
-1.65
6.78
14.12
20.32
25.38
29.35
32.30
34.33
35.59
36.20
36.29
35.96
35.30
34.39
33.29
32.03
30.69
29.32
28.00
26.78
25.72
24.86
24.24
23.87
23.74
23.84
24.13
24.59
25.17
25.82
26.49
27.14
27.73
28.22
28.62
28.91
29.12
29.26
29.40
29.57
29.82
30.22
30.80
31.60
32.62
33.82
35.13
36.45
37.67
38.67
39.36
39.71
39.74
39.53
39.24
39.00
38.99
39.35
40.19
41.56
43.45
45.77
48.41
51.17
53.86
56.24
58.04
58.92
58.56
56.60
52.72
46.64
38.23
27.49
14.58
-0.18
-16.33
-33.33
-50.60
-67.56
-83.69
-98.57
-111.91
-123.53
-133.40
-141.60
-148.30
-153.75
-158.21
-161.95
-165.19
-168.12
-170.85
-173.40
-175.71
-177.63
-178.97
-179.52
-179.11
-177.57
-174.84
-170.90
-165.80
-159.69
-152.70
-145.04
-136.89
-128.46
-119.96
-111.55
-103.40
-95.64
-88.39
-81.73
-75.72
-70.43
-65.91
-62.24
-59.44
-57.54
-56.55
-56.45
-57.23
-58.84
-61.22
-64.30
-67.98
-72.12
-76.60
-81.26
-85.95
-90.51
-94.82
-98.77
-102.28
-105.28
-107.74
-109.64
-111.01
-111.89
-112.34
-112.43
-112.25
-111.89
-111.41
-110.88
-110.35
-109.83
-109.32
-108.79
-108.21
-107.51
-106.63
-105.48
-104.00
-102.12
-99.81
-97.02
-93.76
-90.04
-85.89
-81.36
-76.52
-71.44
-66.20
-60.88
-55.55
-50.26
-45.08
-40.08
-35.29
-30.77
-26.53
-22.60
-18.98
-15.70
-12.76
-10.17
-7.93
-6.02
-4.45
-3.20
-2.29
-1.69
-1.42
-1.48
-1.85
-2.53
-3.51
-4.77
-6.29
-8.07
-10.09
-12.33
-14.76
-17.37
-20.17
-23.14
-26.30
-29.65
-33.19
-36.93
-40.89
-45.05
-49.41
-53.96
-58.67
-63.51
-68.47
-73.50
-78.60
-83.71
-88.80
-93.82
-98.73
-103.49
-108.04
-112.32
-116.31
-119.97
-123.30
-126.33
-129.09
-131.61
-133.92
-136.07
-138.07
-139.95
-141.70
-143.31
-144.77
-146.05
-147.14
-148.03
-148.71
-149.16
-149.37
-149.33
-149.05
-148.52
-147.79
-146.87
-145.82
-144.69
-143.53
-142.38
-141.27
-140.18
-139.10
-137.99
-136.80
-135.49
-133.98
-132.21
-130.15
-127.73
-124.96
-121.80
-118.28
-114.42
-110.29
-105.98
-101.59
-97.24
-93.04
-89.11
-85.51
-82.31
-79.53
-77.20
-75.30
-73.79
-72.66
-71.83
-71.26
-70.90
-70.70
-70.64
-70.68
-70.82
-71.05
-71.36
-71.76
-72.21
-72.71
-73.22
-73.73
-74.21
-74.62
-74.93
-75.09
-75.06
-74.81
-74.31
-73.53
-72.48
-71.16
-69.58
-67.75
-65.72
-63.51
-61.18
-58.77
-56.32
-53.84
-51.34
-48.80
-46.18
-43.46
-40.60
-37.60
-34.45
-31.18
-27.84
-24.47
-21.16
-17.96
-14.96
-12.21
-9.74
-7.58
-5.73
-4.17
-2.88
-1.83
-0.99
-0.31
0.23
0.67
1.03
1.31
1.53
1.72
1.86
1.98
2.06
2.12
2.15
2.16
2.14
2.10
2.04
1.96
1.86
1.74
1.62
1.49
1.36
1.24
1.13
1.03
0.94
0.86
0.77
0.67
0.55
0.42
0.26
0.09
-0.09
-0.27
-0.45
-0.61
-0.75
-0.84
-0.89
-0.89
-0.83
-0.69
-0.49
-0.20
0.15
0.56
1.02
1.51
2.02
2.53
3.02
3.47
3.88
4.24
4.53
4.77
4.96
5.11
5.23
5.32
5.40
5.47
5.54
5.61
5.68
5.74
5.78
5.80
5.79
5.74
5.65
5.52
5.35
5.16
4.93
4.70
4.48
4.28
4.12
4.00
3.94
3.95
4.02
4.15
4.32
4.52
4.74
4.96
5.16
5.34
5.47
5.57
5.63
5.65
5.64
5.61
5.56
5.51
5.46
5.41
5.36
5.33
5.28
5.24
5.20
5.16
5.12
5.09
5.07
5.07
5.11
5.20
5.35
5.58
5.91
6.33
6.87
7.51
8.25
9.07
9.94
10.81
11.65
12.40
13.02
13.49
13.79
13.94
13.97
13.90
13.77
13.60
13.41
13.20
12.98
12.73
12.44
12.10
11.72
11.30
10.85
10.38
9.92
9.49
9.09
8.76
8.50
8.32
8.23
8.23
8.32
8.47
8.69
8.94
9.22
9.49
9.74
9.95
10.10
10.18
10.19
10.13
9.99
9.79
9.52
9.20
8.84
8.45
8.04
7.64
7.25
6.89
6.58
6.31
6.09
5.92
5.80
5.75
5.76
5.86
6.05
6.33
6.72
7.22
7.80
8.45
9.17
9.90
10.66
11.41
12.13
12.82
13.46
14.04
14.55
15.01
15.40
15.74
16.04
16.30
16.53
16.73
16.90
17.04
17.17
17.26
17.34
17.40
17.44
17.50
17.57
17.68
17.85
18.07
18.36
18.73
19.17
19.67
20.23
20.83
21.45
22.08
22.70
23.31
23.91
24.47
25.01
25.52
25.99
26.42
26.80
27.13
27.40
27.60
27.73
27.76
27.70
27.53
27.25
26.87
26.38
25.78
25.08
24.29
23.39
22.38
21.23
19.91
18.39
16.64
14.63
12.36
9.87
7.22
4.50
1.84
-0.63
-2.80
-4.54
-5.76
-6.41
-6.47
-5.99
-5.03
-3.69
-2.08
-0.31
1.55
3.42
5.28
7.07
8.79
10.40
11.88
13.20
14.34
15.25
15.94
16.37
16.54
16.47
16.14
15.59
14.81
13.81
12.61
11.20
9.58
7.76
5.73
3.49
1.04
-1.64
-4.55
-7.70
-11.11
-14.81
-18.80
-23.10
-27.71
-32.62
-37.81
-43.25
-48.88
-54.66
-60.55
-66.51
-72.53
-78.59
-84.67
-90.78
-96.91
-103.02
-109.07
-114.96
-120.58
-125.81
-130.52
-134.61
-138.01
-140.69
-142.66
-143.98
-144.77
-145.16
-145.32
-145.38
-145.45
-145.61
-145.93
-146.43
-147.14
-148.08
-149.24
-150.64
-152.28
-154.12
-156.14
-158.28
-160.50
-162.75
-164.97
-167.11
-169.12
-170.94
-172.58
-174.01
-175.25
-176.26
-177.01
-177.42
-177.41
-176.90
-175.77
-173.93
-171.30
-167.83
-163.54
-158.52
-152.90
-146.86
-140.57
-134.23
-127.99
-121.96
-116.22
-110.80
-105.71
-100.92
-96.40
-92.12
-88.08
-84.25
-80.67
-77.35
-74.36
-71.74
-69.58
-67.96
-66.96
-66.64
-67.07
-68.27
-70.23
-72.92
-76.23
-80.05
-84.26
-88.74
-93.38
-98.10
-102.87
-107.66
-112.48
-117.34
-122.25
-127.22
-132.24
-137.31
-142.41
-147.56
-152.73
-157.95
-163.21
-168.55
-174.01
-179.65
-185.52
-191.64
-198.05
-204.77
-211.78
-219.08
-226.64
-234.46
-242.54
-250.89
-259.54
-268.54
-277.97
-287.90
-298.37
-309.40
-320.93
-332.82
-344.81
-356.56
-367.65
-377.67
-386.28
-393.17
-398.16
-401.16
-402.17
-401.30
-398.75
-394.82
-389.86
-384.25
-378.36
-372.57
-367.26
-362.81
-359.51
-357.61
-357.28
-358.61
-361.56
-366.00
-371.74
-378.47
-385.86
-393.53
-401.11
-408.28
-414.79
-420.46
-425.18
-428.94
-431.83
-433.96
-435.52
-436.72
-437.72
-438.66
-439.63
-440.61
-441.50
-442.13
-442.32
-441.85
-440.58
-438.37
-435.17
-431.00
-425.90
-420.00
-413.43
-406.38
-399.00
-391.42
-383.78
-376.14
-368.60
-361.24
-354.13
-347.35
-340.95
-334.93
-329.26
-323.87
-318.67
-313.58
-308.53
-303.48
-298.44
-293.43
-288.56
-283.93
-279.69
-276.00
-273.02
-270.89
-269.67
-269.46
-270.29
-272.17
-275.05
-278.85
-283.42
-288.62
-294.28
-300.29
-306.53
-312.95
-319.50
-326.19
-333.04
-340.08
-347.36
-354.92
-362.78
-370.91
-379.24
-387.70
-396.17
-404.52
-412.61
-420.33
-427.56
-434.28
-440.52
-446.35
-451.87
-457.15
-462.23
-467.11
-471.75
-476.05
-479.92
-483.23
-485.87
-487.76
-488.85
-489.12
-488.57
-487.21
-485.10
-482.33
-479.03
-475.35
-471.47
-467.60
-463.94
-460.67
-457.94
-455.82
-454.35
-453.45
-453.01
-452.88
-452.85
-452.71
-452.26
-451.32
-449.73
-447.41
-444.33
-440.53
-436.08
-431.11
-425.75
-420.14
-414.45
-408.78
-403.25
-397.88
-392.68
-387.60
-382.54
-377.38
-372.02
-366.33
-360.23
-353.66
-346.60
-339.12
-331.35
-323.47
-315.75
-308.42
-301.71
-295.79
-290.74
-286.57
-283.20
-280.49
-278.26
-276.32
-274.48
-272.58
-270.51
-268.18
-265.59
-262.71
-259.59
-256.25
-252.74
-249.14
-245.49
-241.85
-238.27
-234.78
-231.44
-228.28
-225.37
-222.79
-220.62
-218.96
-217.91
-217.59
-218.08
-219.47
-221.84
-225.19
-229.51
-234.75
-240.79
-247.48
-254.58
-261.85
-268.98
-275.70
-281.71
-286.82
-290.85
-293.74
-295.48
-296.14
-295.88
-294.85
-293.27
-291.30
-289.07
-286.65
-284.01
-281.08
-277.73
-273.84
-269.33
-264.15
-258.34
-251.97
-245.16
-238.05
-230.80
-223.57
-216.49
-209.67
-203.18
-197.11
-191.48
-186.33
-181.64
-177.41
-173.59
-170.14
-167.02
-164.20
-161.64
-159.36
-157.33
-155.58
-154.09
-152.86
-151.90
-151.21
-150.79
-150.68
-150.90
-151.46
-152.41
-153.77
-155.56
-157.81
-160.54
-163.73
-167.36
-171.39
-175.74
-180.29
-184.93
-189.55
-194.04
-198.33
-202.36
-206.15
-209.72
-213.10
-216.36
-219.56
-222.73
-225.92
-229.17
-232.49
-235.89
-239.32
-242.72
-245.99
-249.01
-251.66
-253.80
-255.34
-256.20
-256.36
-255.84
-254.73
-253.16
-251.33
-249.47
-247.85
-246.69
-246.22
-246.67
-248.18
-250.89
-254.92
-260.38
-267.33
-275.84
-285.94
-297.61
-310.78
-325.35
-341.15
-358.00
-375.69
-394.00
-412.74
-431.70
-450.72
-469.66
-488.44
-506.99
-525.21
-543.00
-560.22
-576.76
-592.46
-607.21
-620.84
-633.22
-644.24
-653.86
-662.18
-669.34
-675.62
-681.34
-686.88
-692.56
-698.68
-705.37
-712.68
-720.50
-728.61
-736.71
-744.42
-751.37
-757.26
-761.86
-765.08
-766.90
-767.43
-766.86
-765.43
-763.42
-761.16
-759.01
-757.30
-756.33
-756.31
-757.39
-759.68
-763.25
-768.14
-774.34
-781.76
-790.29
-799.81
-810.19
-821.31
-833.01
-845.12
-857.44
-869.73
-881.83
-893.62
-905.01
-916.03
-926.72
-937.21
-947.60
-958.02
-968.55
-979.15
-989.62
-999.59
-1008.59
-1016.11
-1021.69
-1025.00
-1025.89
-1024.38
-1020.66
-1014.99
-1007.67
-999.03
-989.32
-978.63
-966.95
-954.16
-940.16
-924.93
-908.50
-891.03
-872.75
-854.06
-835.41
-817.35
-800.41
-785.05
-771.65
-760.56
-752.04
-746.29
-743.39
-743.37
-746.21
-751.92
-760.45
-771.75
-785.73
-802.20
-820.85
-841.21
-862.71
-884.72
-906.63
-927.87
-947.99
-966.61
-983.53
-998.59
-1011.79
-1023.11
-1032.55
-1040.00
-1045.35
-1048.43
-1049.07
-1047.17
-1042.70
-1035.73
-1026.43
-1015.10
-1002.08
-987.75
-972.50
-956.73
-940.82
-925.20
-910.21
-896.26
-883.75
-873.09
-864.61
-858.58
-855.17
-854.44
-856.28
-860.38
-866.36
-873.76
-882.07
-890.77
-899.30
-907.10
-913.63
-918.44
-921.19
-921.64
-919.66
-915.26
-908.54
-899.78
-889.36
-877.77
-865.53
-853.26
-841.56
-831.08
-822.37
-815.93
-812.09
-811.07
-812.99
-817.88
-825.67
-836.16
-848.92
-863.33
-878.50
-893.37
-906.85
-917.87
-925.51
-929.00
-927.96
-922.37
-912.60
-899.21
-882.90
-864.35
-844.18
-822.94
-801.13
-779.12
-757.17
-735.46
-714.17
-693.49
-673.57
-654.59
-636.74
-620.18
-605.09
-591.58
-579.74
-569.59
-561.06
-553.99
-548.16
-543.30
-539.09
-535.20
-531.33
-527.17
-522.52
-517.22
-511.25
-504.66
-497.62
-490.35
-483.10
-476.13
-469.66
-463.82
-458.71
-454.33
-450.62
-447.48
-444.75
-442.30
-439.98
-437.70
-435.41
-433.09
-430.73
-428.34
-425.94
-423.51
-421.04
-418.47
-415.76
-412.88
-409.86
-406.81
-403.87
-401.26
-399.26
-398.19
-398.35
-400.04
-403.51
-408.92
-416.35
-425.77
-436.98
-449.70
-463.53
-478.06
-492.83
-507.45
-521.51
-534.66
-546.54
-556.87
-565.47
-572.24
-577.18
-580.38
-582.02
-582.34
-581.68
-580.41
-578.90
-577.55
-576.71
-576.71
-577.80
-580.11
-583.67
-588.46
-594.37
-601.27
-609.01
-617.39
-626.20
-635.18
-644.01
-652.39
-659.95
-666.35
-671.27
-674.43
-675.67
-674.94
-672.34
-668.09
-662.56
-656.23
-649.59
-643.07
-636.99
-631.48
-626.50
-621.83
-617.20
-612.31
-606.95
-601.04
-594.59
-587.72
-580.57
-573.30
-566.05
-558.88
-551.83
-544.87
-538.00
-531.28
-524.83
-518.75
-513.16
-508.09
-503.43
-498.98
-494.48
-489.66
-484.40
-478.64
-472.49
-466.12
-459.79
-453.73
-448.16
-443.28
-439.22
-436.10
-433.98
-432.88
-432.78
-433.64
-435.40
-437.91
-441.02
-444.51
-448.16
-451.68
-454.86
-457.50
-459.53
-460.96
-461.92
-462.62
-463.33
-464.27
-465.62
-467.42
-469.60
-471.98
-474.40
-476.74
-479.05
-481.54
-484.56
-488.52
-493.78
-500.59
-509.05
-519.07
-530.44
-542.85
-555.98
-569.48
-583.00
-596.19
-608.67
-620.03
-629.82
-637.62
-643.03
-645.83
-645.95
-643.54
-638.92
-632.51
-624.78
-616.25
-607.41
-598.76
-590.72
-583.66
-577.78
-573.20
-569.87
-567.63
-566.28
-565.57
-565.20
-564.86
-564.22
-562.97
-560.89
-557.87
-553.89
-549.01
-543.36
-537.09
-530.36
-523.30
-516.04
-508.69
-501.34
-494.10
-487.08
-480.38
-474.08
-468.23
-462.84
-457.88
-453.29
-448.94
-444.66
-440.26
-435.59
-430.48
-424.82
-418.51
-411.52
-403.84
-395.50
-386.53
-377.00
-367.02
-356.69
-346.18
-335.66
-325.32
-315.31
-305.74
-296.70
-288.22
-280.28
-272.80
-265.67
-258.75
-251.87
-244.90
-237.72
-230.28
-222.59
-214.71
-206.76
-198.86
-191.13
-183.70
-176.69
-170.21
-164.38
-159.31
-155.09
-151.80
-149.49
-148.16
-147.77
-148.18
-149.21
-150.60
-152.08
-153.40
-154.35
-154.77
-154.57
-153.70
-152.17
-150.02
-147.34
-144.23
-140.79
-137.13
-133.32
-129.38
-125.33
-121.17
-116.92
-112.58
-108.17
-103.74
-99.32
-94.99
-90.80
-86.79
-83.03
-79.54
-76.35
-73.47
-70.87
-68.52
-66.37
-64.37
-62.47
-60.64
-58.87
-57.13
-55.44
-53.80
-52.21
-50.69
-49.23
-47.85
-46.54
-45.28
-44.08
-42.92
-41.78
-40.65
-39.53
-38.39
-37.20
-35.92
-34.50
-32.91
-31.13
-29.16
-27.03
-24.76
-22.41
-20.02
-17.63
-15.30
-13.04
-10.86
-8.77
-6.79
-4.93
-3.19
-1.57
-0.09
1.29
2.56
3.73
4.82
5.82
6.71
7.46
8.02
8.36
8.45
8.26
7.79
7.05
6.04
4.76
3.24
1.47
-0.52
-2.71
-5.04
-7.45
-9.85
-12.12
-14.13
-15.77
-16.93
-17.54
-17.56
-17.00
-15.88
-14.27
-12.24
-9.86
-7.25
-4.50
-1.73
0.93
3.36
5.43
7.06
8.20
8.84
9.03
8.85
8.40
7.80
7.14
6.51
5.95
5.48
5.13
4.88
4.69
4.55
4.41
4.27
4.12
4.00
3.94
4.00
4.20
4.58
5.10
5.70
6.26
6.63
6.69
6.32
5.41
3.90
1.76
-1.01
-4.37
-8.28
-12.69
-17.55
-22.84
-28.55
-34.67
-41.22
-48.20
-55.61
-63.41
-71.52
-79.76
-87.90
-95.69
-102.87
-109.23
-114.61
-118.88
-122.00
-124.01
-125.01
-125.15
-124.57
-123.40
-121.77
-119.79
-117.51
-115.00
-112.28
-109.39
-106.38
-103.31
-100.25
-97.27
-94.38
-91.56
-88.74
-85.83
-82.74
-79.41
-75.84
-72.08
-68.25
-64.49
-60.95
-57.75
-54.99
-52.72
-50.96
-49.67
-48.80
-48.25
-47.90
-47.63
-47.28
-46.76
-45.97
-44.85
-43.38
-41.63
-39.68
-37.66
-35.70
-33.89
-32.36
-31.20
-30.48
-30.27
-30.64
-31.64
-33.33
-35.79
-39.10
-43.29
-48.44
-54.55
-61.60
-69.46
-77.92
-86.67
-95.38
-103.68
-111.29
-118.04
-123.93
-129.09
-133.76
-138.19
-142.65
-147.28
-152.18
-157.31
-162.60
-167.89
-173.05
-177.94
-182.49
-186.64
-190.39
-193.78
-196.84
-199.66
-202.29
-204.82
-207.35
-209.99
-212.89
-216.20
-220.08
-224.68
-230.11
-236.43
-243.64
-251.70
-260.50
-269.87
-279.65
-289.61
-299.57
-309.32
-318.71
-327.60
-335.90
-343.60
-350.75
-357.46
-363.88
-370.17
-376.51
-383.06
-389.91
-397.07
-404.40
-411.64
-418.40
-424.21
-428.60
-431.14
-431.53
-429.58
-425.29
-418.87
-410.69
-401.28
-391.20
-380.94
-370.92
-361.42
-352.65
-344.72
-337.65
-331.41
-325.92
-321.10
-316.82
-312.94
-309.30
-305.80
-302.39
-299.13
-296.10
-293.50
-291.59
-290.66
-290.98
-292.77
-296.17
-301.18
-307.70
-315.53
-324.36
-333.81
-343.45
-352.83
-361.50
-369.08
-375.29
-379.96
-383.00
-384.44
-384.39
-383.06
-380.70
-377.62
-374.15
-370.67
-367.52
-365.03
-363.49
-363.11
-363.97
-366.09
-369.40
-373.75
-378.96
-384.76
-390.90
-397.11
-403.16
-408.85
-414.07
-418.75
-422.90
-426.54
-429.72
-432.55
-435.19
-437.82
-440.67
-443.95
-447.94
-452.87
-458.96
-466.39
-475.28
-485.68
-497.54
-510.74
-525.06
-540.22
-555.96
-572.02
-588.14
-604.15
-619.87
-635.17
-649.96
-664.19
-677.87
-691.02
-703.65
-715.78
-727.45
-738.69
-749.59
-760.20
-770.62
-780.97
-791.37
-801.95
-812.82
-824.08
-835.85
-848.27
-861.49
-875.63
-890.80
-906.97
-924.00
-941.59
-959.33
-976.71
-993.20
-1008.36
-1021.86
-1033.56
-1043.51
-1051.87
-1058.86
-1064.59
-1069.17
-1072.64
-1075.09
-1076.64
-1077.48
-1077.89
-1078.21
-1078.86
-1080.25
-1082.75
-1086.68
-1092.20
-1099.41
-1108.22
-1118.46
-1129.77
-1141.72
-1153.83
-1165.68
-1176.92
-1187.31
-1196.72
-1205.17
-1212.81
-1219.97
-1227.01
-1234.33
-1242.21
-1250.83
-1260.27
-1270.42
-1281.16
-1292.33
-1303.77
-1315.33
-1326.78
-1337.81
-1348.04
-1357.08
-1364.53
-1370.04
-1373.32
-1374.23
-1372.79
-1369.16
-1363.55
-1356.27
-1347.62
-1337.91
-1327.44
-1316.51
-1305.41
-1294.45
-1283.91
-1274.04
-1265.01
-1256.89
-1249.61
-1243.11
-1237.31
-1232.09
-1227.43
-1223.31
-1219.83
-1217.15
-1215.53
-1215.22
-1216.38
-1219.10
-1223.30
-1228.80
-1235.33
-1242.55
-1250.08
-1257.57
-1264.66
-1271.09
-1276.68
-1281.40
-1285.22
-1288.18
-1290.28
-1291.54
-1291.97
-1291.50
-1290.06
-1287.50
-1283.61
-1278.22
-1271.17
-1262.42
-1252.12
-1240.54
-1228.05
-1215.05
-1201.92
-1188.95
-1176.31
-1164.03
-1152.10
-1140.46
-1129.18
-1118.39
-1108.40
-1099.52
-1092.00
-1086.00
-1081.47
-1078.26
-1076.10
-1074.62
-1073.42
-1072.07
-1070.23
-1067.62
-1064.12
-1059.68
-1054.39
-1048.44
-1042.11
-1035.73
-1029.73
-1024.56
-1020.76
-1018.88
-1019.55
-1023.39
-1030.97
-1042.78
-1059.20
-1080.47
-1106.71
-1137.83
-1173.58
-1213.42
-1256.52
-1301.74
-1347.77
-1393.12
-1436.16
-1475.26
-1508.93
-1535.98
-1555.68
-1567.85
-1572.86
-1571.54
-1565.09
-1554.92
-1542.51
-1529.30
-1516.56
-1505.25
-1496.05
-1489.36
-1485.46
-1484.51
-1486.57
-1491.59
-1499.36
-1509.51
-1521.51
-1534.84
-1548.93
-1563.34
-1577.80
-1592.25
-1606.79
-1621.63
-1637.03
-1653.03
-1669.37
-1685.51
-1700.69
-1713.98
-1724.47
-1731.54
-1735.01
-1735.22
-1732.97
-1729.37
-1725.67
-1723.05
-1722.51
-1724.72
-1730.10
-1738.70
-1750.28
-1764.38
-1780.30
-1797.28
-1814.57
-1831.54
-1847.73
-1862.79
-1876.49
-1888.71
-1899.51
-1909.17
-1918.16
-1927.10
-1936.70
-1947.67
-1960.63
-1976.01
-1994.03
-2014.60
-2037.36
-2061.57
-2086.18
-2109.90
-2131.31
-2149.08
-2162.13
-2169.60
-2171.05
-2166.45
-2156.28
-2141.37
-2122.91
-2102.19
-2080.45
-2058.83
-2038.25
-2019.35
-2002.66
-1988.55
-1977.30
-1969.21
-1964.58
-1963.63
-1966.41
-1972.73
-1982.17
-1994.18
-2008.23
-2023.91
-2041.02
-2059.54
-2079.57
-2101.38
-2125.29
-2151.70
-2181.00
-2213.48
-2249.36
-2288.75
-2331.64
-2377.95
-2427.57
-2480.44
-2536.41
-2595.34
-2657.06
-2721.39
-2788.08
-2856.77
-2926.98
-2998.05
-3069.02
-3138.71
-3205.84
-3269.12
-3327.38
-3379.80
-3426.01
-3466.00
-3500.16
-3529.17
-3553.89
-3575.08
-3593.34
-3609.03
-3622.28
-3633.17
-3641.76
-3648.24
-3652.95
-3656.47
-3659.35
-3662.01
-3664.77
-3667.76
-3671.05
-3674.65
-3678.44
-3682.32
-3686.17
-3689.90
-3693.55
-3697.24
-3701.08
-3705.22
-3709.69
-3714.45
-3719.27
-3723.76
-3727.50
-3729.98
-3730.76
-3729.40
-3725.55
-3718.98
-3709.64
-3697.61
-3683.11
-3666.40
-3647.72
-3627.26
-3605.05
-3581.04
-3554.91
-3526.14
-3494.03
-3457.99
-3417.90
-3374.17
-3327.69
-3279.66
-3231.40
-3184.04
-3138.34
-3094.58
-3052.49
-3011.39
-2970.41
-2928.71
-2885.56
-2840.55
-2793.62
-2744.97
-2695.04
-2644.43
-2593.77
-2543.68
-2494.70
-2447.30
-2401.83
-2358.60
-2317.94
-2280.18
-2245.58
-2214.19
-2185.77
-2159.85
-2135.74
-2112.72
-2090.08
-2067.09
-2043.07
-2017.37
-1989.43
-1958.84
-1925.40
-1889.12
-1850.25
-1809.21
-1766.69
-1723.55
-1680.80
-1639.45
-1600.49
-1564.84
-1533.21
-1506.15
-1483.95
-1466.61
-1453.75
-1444.69
-1438.51
-1434.16
-1430.63
-1427.04
-1422.75
-1417.49
-1411.26
-1404.31
-1397.08
-1390.12
-1384.02
-1379.25
-1376.10
-1374.60
-1374.47
-1375.06
-1375.40
-1374.32
-1370.63
-1363.33
-1351.62
-1334.98
-1313.26
-1286.63
-1255.69
-1221.41
-1184.91
-1147.48
-1110.37
-1074.67
-1041.28
-1010.77
-983.46
-959.43
-938.55
-920.58
-905.19
-892.02
-880.75
-870.99
-862.37
-854.55
-847.26
-840.27
-833.45
-826.73
-820.10
-813.54
-807.03
-800.54
-794.01
-787.38
-780.54
-773.28
-765.31
-756.34
-746.13
-734.51
-721.41
-706.87
-690.99
-673.89
-655.64
-636.33
-616.02
-594.83
-572.88
-550.38
-527.64
-505.11
-483.31
-462.82
-444.07
-427.37
-412.76
-400.15
-389.25
-379.72
-371.17
-363.25
-355.72
-348.35
-341.04
-333.71
-326.33
-318.89
-311.40
-303.91
-296.51
-289.35
-282.58
-276.38
-270.96
-266.48
-263.06
-260.78
-259.61
-259.45
-260.15
-261.52
-263.40
-265.66
-268.16
-270.82
-273.54
-276.26
-278.90
-281.40
-283.68
-285.64
-287.19
-288.25
-288.76
-288.68
-287.95
-286.54
-284.37
-281.37
-277.46
-272.56
-266.70
-259.98
-252.61
-244.88
-237.12
-229.62
-222.61
-216.21
-210.45
-205.23
-200.37
-195.68
-190.99
-186.22
-181.38
-176.57
-171.97
-167.74
-164.06
-161.03
-158.67
-156.96
-155.86
-155.30
-155.19
-155.46
-156.04
-156.86
-157.86
-159.01
-160.29
-161.72
-163.34
-165.22
-167.43
-170.02
-173.00
-176.34
-180.00
-183.90
-187.95
-192.03
-196.04
-199.89
-203.50
-206.85
-209.97
-212.92
-215.79
-218.69
-221.70
-224.87
-228.25
-231.81
-235.51
-239.28
-243.04
-246.76
-250.44
-254.15
-257.94
-261.88
-266.00
-270.27
-274.63
-279.03
-283.44
-287.91
-292.50
-297.38
-302.72
-308.74
-315.65
-323.61
-332.72
-343.01
-354.41
-366.86
-380.24
-394.44
-409.40
-425.03
-441.26
-458.03
-475.23
-492.65
-510.06
-527.20
-543.85
-559.90
-575.33
-590.22
-604.74
-619.09
-633.47
-647.99
-662.70
-677.49
-692.16
-706.49
-720.22
-733.23
-745.45
-757.02
-768.15
-779.18
-790.44
-802.27
-814.93
-828.66
-843.65
-860.12
-878.33
-898.63
-921.37
-946.90
-975.40
-1006.92
-1041.26
-1078.01
-1116.49
-1155.77
-1194.64
-1231.65
-1265.29
-1294.07
-1316.79
-1332.68
-1341.57
-1343.80
-1340.24
-1332.17
-1321.15
-1308.84
-1296.76
-1286.15
-1277.83
-1272.18
-1269.24
-1268.78
-1270.44
-1273.78
-1278.39
-1283.91
-1290.06
-1296.64
-1303.46
-1310.41
-1317.36
-1324.20
-1330.82
-1337.10
-1342.94
-1348.29
-1353.12
-1357.49
-1361.55
-1365.56
-1369.91
-1375.10
-1381.70
-1390.39
-1401.81
-1416.56
-1435.02
-1457.39
-1483.57
-1513.26
-1545.91
-1580.83
-1617.29
-1654.51
-1691.75
-1728.37
-1763.82
-1797.70
-1829.77
-1859.83
-1887.78
-1913.55
-1937.03
-1958.09
-1976.49
-1991.96
-2004.26
-2013.22
-2018.84
-2021.24
-2020.64
-2017.32
-2011.67
-2004.12
-1995.10
-1985.12
-1974.67
-1964.26
-1954.39
-1945.52
-1937.98
-1932.03
-1927.85
-1925.61
-1925.52
-1927.84
-1932.89
-1941.04
-1952.60
-1967.76
-1986.37
-2007.99
-2031.75
-2056.49
-2080.81
-2103.31
-2122.72
-2138.14
-2148.95
-2155.01
-2156.60
-2154.37
-2149.27
-2142.27
-2134.24
-2125.83
-2117.42
-2109.21
-2101.33
-2093.89
-2087.07
-2081.16
-2076.41
-2072.93
-2070.66
-2069.38
-2068.86
-2069.00
-2069.77
-2071.35
-2073.91
-2077.58
-2082.37
-2088.06
-2094.33
-2100.64
-2106.36
-2110.70
-2112.73
-2111.46
-2105.88
-2095.11
-2078.48
-2055.72
-2027.08
-1993.33
-1955.68
-1915.52
-1874.20
-1832.90
-1792.57
-1754.00
-1717.75
-1684.25
-1653.76
-1626.42
-1602.31
-1581.46
-1563.89
-1549.56
-1538.31
-1529.95
-1524.18
-1520.56
-1518.51
-1517.33
-1516.28
-1514.60
-1511.59
-1506.62
-1499.25
-1489.24
-1476.64
-1461.80
-1445.27
-1427.80
-1410.34
-1393.95
-1379.76
-1368.76
-1361.71
-1359.07
-1360.96
-1367.21
-1377.33
-1390.66
-1406.32
-1423.26
-1440.30
-1456.16
-1469.65
-1479.72
-1485.63
-1487.04
-1484.07
-1477.32
-1467.70
-1456.26
-1443.99
-1431.72
-1420.06
-1409.45
-1400.13
-1392.28
-1385.96
-1381.23
-1378.10
-1376.62
-1376.80
-1378.62
-1382.02
-1386.92
-1393.21
-1400.84
-1409.78
-1420.10
-1431.86
-1445.23
-1460.44
-1477.73
-1497.29
-1519.23
-1543.52
-1570.04
-1598.54
-1628.67
-1659.91
-1691.72
-1723.59
-1755.08
-1785.77
-1815.17
-1842.72
-1867.73
-1889.43
-1907.11
-1920.15
-1928.13
-1930.96
-1928.93
-1922.73
-1913.37
-1902.06
-1890.14
-1878.78
-1868.95
-1861.34
-1856.40
-1854.42
-1855.50
-1859.51
-1866.09
-1874.79
-1885.06
-1896.42
-1908.42
-1920.68
-1932.80
-1944.32
-1954.73
-1963.50
-1970.11
-1974.06
-1974.94
-1972.31
-1965.87
-1955.44
-1941.07
-1923.08
-1902.07
-1878.80
-1854.10
-1828.82
-1803.78
-1779.66
-1757.01
-1736.17
-1717.24
-1700.01
-1684.05
-1668.73
-1653.36
-1637.31
-1620.06
-1601.41
-1581.37
-1560.15
-1538.04
-1515.29
-1492.11
-1468.62
-1444.96
-1421.25
-1397.65
-1374.32
-1351.46
-1329.23
-1307.76
-1287.17
-1267.54
-1248.89
-1231.15
-1214.19
-1197.85
-1181.97
-1166.38
-1150.96
-1135.58
-1120.20
-1104.81
-1089.48
-1074.35
-1059.60
-1045.42
-1032.00
-1019.51
-1008.01
-997.51
-987.91
-979.09
-970.92
-963.28
-956.07
-949.24
-942.82
-936.87
-931.51
-926.84
-922.99
-920.03
-918.05
-917.11
-917.33
-918.84
-921.82
-926.38
-932.64
-940.59
-950.11
-960.92
-972.69
-985.11
-997.87
-1010.67
-1023.18
-1035.15
-1046.54
-1057.40
-1067.77
-1077.63
-1086.84
-1095.23
-1102.68
-1109.12
-1114.51
-1118.82
-1122.15
-1124.70
-1126.79
-1128.74
-1130.87
-1133.43
-1136.67
-1140.81
-1146.13
-1152.94
-1161.63
-1172.66
-1186.46
-1203.47
-1224.07
-1248.59
-1277.24
-1310.02
-1346.83
-1387.29
-1430.83
-1476.62
-1523.63
-1570.69
-1616.48
-1659.48
-1698.18
-1731.06
-1756.73
-1774.01
-1781.97
-1780.23
-1769.17
-1749.82
-1723.79
-1693.02
-1659.57
-1625.54
-1592.89
-1563.30
-1538.12
-1518.32
-1504.55
-1497.13
-1496.01
-1500.79
-1510.78
-1525.06
-1542.43
-1561.49
-1580.62
-1598.08
-1612.19
-1621.42
-1624.57
-1620.84
-1609.94
-1592.16
-1568.30
-1539.62
-1507.56
-1473.57
-1439.04
-1405.30
-1373.51
-1344.57
-1319.16
-1297.75
-1280.67
-1268.14
-1260.32
-1257.27
-1258.92
-1265.00
-1275.04
-1288.31
-1303.82
-1320.39
-1336.72
-1351.54
-1363.83
-1372.92
-1378.60
-1381.07
-1380.95
-1379.08
-1376.36
-1373.63
-1371.59
-1370.73
-1371.39
-1373.63
-1377.39
-1382.45
-1388.39
-1394.64
-1400.40
-1404.79
-1406.90
-1405.99
-1401.58
-1393.58
-1382.28
-1368.27
-1352.32
-1335.27
-1317.88
-1300.80
-1284.51
-1269.25
-1255.10
-1242.07
-1230.11
-1219.10
-1208.95
-1199.54
-1190.77
-1182.59
-1174.96
-1167.89
-1161.34
-1155.24
-1149.46
-1143.81
-1138.08
-1132.05
-1125.47
-1118.15
-1110.00
-1101.13
-1091.85
-1082.60
-1073.89
-1066.19
-1059.87
-1055.21
-1052.43
-1051.75
-1053.34
-1057.36
-1063.91
-1072.99
-1084.53
-1098.25
-1113.70
-1130.25
-1147.15
-1163.61
-1178.90
-1192.47
-1203.97
-1213.26
-1220.33
-1225.30
-1228.31
-1229.51
-1229.09
-1227.32
-1224.55
-1221.22
-1217.85
-1215.12
-1213.78
-1214.66
-1218.56
-1226.17
-1237.98
-1254.22
-1274.88
-1299.76
-1328.54
-1360.80
-1396.05
-1433.73
-1473.26
-1513.98
-1555.24
-1596.32
-1636.39
-1674.43
-1709.26
-1739.74
-1764.84
-1783.77
-1796.00
-1801.29
-1799.77
-1791.92
-1778.43
-1760.21
-1738.29
-1713.77
-1687.71
-1661.08
-1634.77
-1609.59
-1586.22
-1565.18
-1546.85
-1531.40
-1518.87
-1509.23
-1502.34
-1497.98
-1495.81
-1495.39
-1496.20
-1497.74
-1499.53
-1501.11
-1502.05
-1502.00
-1500.67
-1497.83
-1493.23
-1486.61
-1477.67
-1466.15
-1451.80
-1434.50
-1414.28
-1391.30
-1365.91
-1338.61
-1309.99
-1280.71
-1251.38
-1222.61
-1194.94
-1168.78
-1144.43
-1122.05
-1101.71
-1083.40
-1066.98
-1052.30
-1039.12
-1027.17
-1016.21
-1005.97
-996.31
-987.14
-978.45
-970.25
-962.54
-955.23
-948.17
-941.14
-933.93
-926.35
-918.25
-909.53
-900.18
-890.23
-879.83
-869.15
-858.41
-847.84
-837.63
-827.89
-818.65
-809.88
-801.49
-793.31
-785.12
-776.76
-768.09
-759.09
-749.82
-740.37
-730.90
-721.63
-712.76
-704.45
-696.81
-689.86
-683.57
-677.91
-672.88
-668.52
-664.90
-662.10
-660.16
-659.11
-658.91
-659.48
-660.72
-662.51
-664.74
-667.29
-670.07
-673.05
-676.19
-679.55
-683.19
-687.21
-691.72
-696.82
-702.63
-709.26
-716.81
-725.41
-735.16
-746.11
-758.25
-771.39
-785.22
-799.31
-813.24
-826.66
-839.28
-850.86
-861.22
-870.30
-878.06
-884.57
-889.88
-894.01
-896.95
-898.59
-898.76
-897.28
-893.98
-888.76
-881.57
-872.47
-861.64
-849.35
-835.94
-821.84
-807.48
-793.26
-779.48
-766.32
-753.88
-742.17
-731.15
-720.75
-710.84
-701.31
-691.99
-682.70
-673.29
-663.65
-653.70
-643.43
-632.82
-621.93
-610.84
-599.64
-588.43
-577.33
-566.42
-555.70
-545.10
-534.49
-523.73
-512.67
-501.16
-489.13
-476.57
-463.51
-450.07
-436.38
-422.62
-408.94
-395.47
-382.28
-369.41
-356.84
-344.54
-332.43
-320.47
-308.56
-296.64
-284.64
-272.47
-260.11
-247.55
-234.84
-222.10
-209.47
-197.14
-185.31
-174.13
-163.73
-154.17
-145.47
-137.60
-130.53
-124.17
-118.47
-113.36
-108.80
-104.78
-101.28
-98.26
-95.66
-93.40
-91.40
-89.59
-87.91
-86.34
-84.89
-83.65
-82.72
-82.25
-82.36
-83.20
-84.84
-87.34
-90.68
-94.79
-99.59
-104.96
-110.82
-117.08
-123.65
-130.45
-137.40
-144.43
-151.42
-158.22
-164.68
-170.64
-175.99
-180.66
-184.69
-188.14
-191.19
-194.03
-196.82
-199.71
-202.79
-206.08
-209.59
-213.28
-217.14
-221.13
-225.11
-228.96
-232.52
-235.65
-238.21
-240.07
-241.10
-241.24
-240.54
-239.12
-237.14
-234.77
-232.17
-229.46
-226.72
-224.02
-221.38
-218.83
-216.37
-213.99
-211.68
-209.41
-207.14
-204.88
-202.58
-200.23
-197.81
-195.30
-192.68
-189.97
-187.19
-184.37
-181.56
-178.83
-176.19
-173.64
-171.17
-168.73
-166.30
-163.84
-161.31
-158.70
-155.98
-153.12
-150.12
-146.97
-143.69
-140.31
-136.87
-133.39
-129.92
-126.50
-123.22
-120.11
-117.25
-114.66
-112.36
-110.33
-108.55
-107.03
-105.76
-104.72
-103.93
-103.40
-103.14
-103.15
-103.45
-104.00
-104.82
-105.89
-107.22
-108.85
-110.83
-113.25
-116.16
-119.62
-123.62
-128.11
-133.00
-138.14
-143.39
-148.58
-153.53
-158.10
-162.20
-165.75
-168.75
-171.19
-173.13
-174.61
-175.74
-176.62
-177.34
-178.05
-178.83
-179.79
-181.01
-182.51
-184.29
-186.30
-188.48
-190.75
-193.05
-195.33
-197.54
-199.69
-201.79
-203.85
-205.87
-207.79
-209.56
-211.11
-212.38
-213.36
-214.10
-214.68
-215.22
-215.85
-216.66
-217.73
-219.02
-220.44
-221.83
-223.04
-223.94
-224.44
-224.53
-224.24
-223.62
-222.74
-221.64
-220.30
-218.67
-216.61
-213.99
-210.75
-206.92
-202.60
-198.00
-193.37
-188.91
-184.81
-181.20
-178.16
-175.69
-173.77
-172.32
-171.23
-170.39
-169.68
-168.97
-168.15
-167.11
-165.73
-163.91
-161.61
-158.80
-155.52
-151.85
-147.94
-143.98
-140.12
-136.56
-133.43
-130.84
-128.83
-127.37
-126.39
-125.76
-125.33
-124.94
-124.41
-123.61
-122.40
-120.71
-118.44
-115.55
-112.00
-107.79
-102.98
-97.66
-91.99
-86.15
-80.31
-74.65
-69.28
-64.26
-59.60
-55.26
-51.16
-47.18
-43.20
-39.14
-34.91
-30.45
-25.76
-20.85
-15.78
-10.64
-5.50
-0.49
4.30
8.77
12.85
16.50
19.71
22.47
24.83
26.81
28.47
29.86
31.00
31.96
32.76
33.44
34.00
34.48
34.89
35.24
35.53
35.75
35.90
35.96
35.96
35.88
35.73
35.53
35.30
35.05
34.79
34.54
34.32
34.13
33.97
33.84
33.72
33.58
33.43
33.23
32.98
32.67
32.31
31.90
31.45
30.95
30.41
29.81
29.14
28.38
27.52
26.57
25.54
24.46
23.38
22.35
21.42
20.62
19.97
19.48
19.14
18.94
18.86
18.85
18.85
18.80
18.63
18.26
17.63
16.70
15.44
13.86
11.99
9.87
7.55
5.08
2.48
-0.21
-2.97
-5.79
-8.66
-11.55
-14.45
-17.30
-20.07
-22.73
-25.26
-27.67
-29.97
-32.21
-34.39
-36.57
-38.77
-41.00
-43.25
-45.53
-47.80
-50.06
-52.26
-54.34
-56.23
-57.86
-59.17
-60.15
-60.79
-61.11
-61.16
-60.97
-60.61
-60.16
-59.71
-59.30
-59.00
-58.85
-58.85
-59.04
-59.41
-59.95
-60.67
-61.53
-62.53
-63.63
-64.82
-66.05
-67.31
-68.56
-69.78
-70.98
-72.15
-73.33
-74.57
-75.89
-77.35
-78.99
-80.82
-82.84
-85.06
-87.43
-89.94
-92.52
-95.14
-97.75
-100.30
-102.75
-105.06
-107.21
-109.16
-110.90
-112.42
-113.73
-114.81
-115.68
-116.35
-116.84
-117.12
-117.18
-116.96
-116.42
-115.48
-114.11
-112.29
-110.05
-107.42
-104.52
-101.45
-98.35
-95.32
-92.50
-89.98
-87.85
-86.18
-85.05
-84.47
-84.47
-85.06
-86.19
-87.84
-89.93
-92.39
-95.17
-98.18
-101.38
-104.70
-108.12
-111.59
-115.08
-118.60
-122.15
-125.76
-129.47
-133.32
-137.38
-141.68
-146.20
-150.92
-155.75
-160.57
-165.22
-169.58
-173.53
-177.01
-179.96
-182.36
-184.22
-185.51
-186.20
-186.24
-185.57
-184.16
-182.01
-179.19
-175.83
-172.11
-168.23
-164.34
-160.59
-157.06
-153.79
-150.74
-147.90
-145.24
-142.74
-140.44
-138.38
-136.63
-135.23
-134.23
-133.62
-133.41
-133.49
-133.81
-134.26
-134.79
-135.36
-136.01
-136.78
-137.73
-138.93
-140.44
-142.29
-144.51
-147.11
-150.10
-153.50
-157.36
-161.74
-166.71
-172.32
-178.61
-185.58
-193.17
-201.28
-209.74
-218.30
-226.70
-234.62
-241.74
-247.84
-252.77
-256.54
-259.26
-261.11
-262.29
-262.99
-263.34
-263.44
-263.37
-263.21
-263.01
-262.84
-262.72
-262.69
-262.77
-262.97
-263.27
-263.65
-264.06
-264.44
-264.70
-264.81
-264.72
-264.39
-263.81
-262.97
-261.91
-260.67
-259.28
-257.74
-256.03
-254.10
-251.89
-249.35
-246.49
-243.31
-239.87
-236.22
-232.40
-228.48
-224.47
-220.38
-216.22
-211.99
-207.67
-203.28
-198.83
-194.36
-189.89
-185.47
-181.13
-176.90
-172.83
-168.98
-165.40
-162.15
-159.28
-156.78
-154.58
-152.54
-150.48
-148.18
-145.44
-142.11
-138.09
-133.39
-128.05
-122.18
-115.91
-109.41
-102.80
-96.22
-89.77
-83.51
-77.48
-71.70
-66.17
-60.90
-55.90
-51.20
-46.82
-42.79
-39.15
-35.91
-33.11
-30.79
-28.96
-27.68
-26.95
-26.81
-27.25
-28.28
-29.89
-32.05
-34.73
-37.87
-41.42
-45.30
-49.41
-53.67
-57.97
-62.25
-66.44
-70.52
-74.51
-78.43
-82.34
-86.28
-90.28
-94.38
-98.57
-102.87
-107.30
-111.86
-116.56
-121.41
-126.41
-131.52
-136.70
-141.89
-147.01
-151.94
-156.57
-160.83
-164.67
-168.07
-171.03
-173.58
-175.78
-177.70
-179.40
-180.94
-182.39
-183.79
-185.18
-186.61
-188.12
-189.74
-191.47
-193.31
-195.25
-197.26
-199.26
-201.17
-202.90
-204.39
-205.62
-206.67
-207.63
-208.65
-209.89
-211.50
-213.59
-216.26
-219.56
-223.52
-228.12
-233.34
-239.11
-245.36
-251.98
-258.85
-265.83
-272.74
-279.35
-285.42
-290.70
-294.92
-297.86
-299.35
-299.41
-298.12
-295.70
-292.34
-288.28
-283.71
-278.77
-273.52
-267.98
-262.14
-255.97
-249.45
-242.60
-235.43
-227.99
-220.33
-212.53
-204.66
-196.79
-189.01
-181.41
-174.11
-167.22
-160.85
-155.13
-150.17
-146.08
-142.92
-140.67
-139.30
-138.72
-138.84
-139.52
-140.65
-142.12
-143.84
-145.81
-148.01
-150.51
-153.38
-156.66
-160.39
-164.57
-169.18
-174.18
-179.56
-185.26
-191.22
-197.30
-203.32
-209.00
-214.04
-218.12
-220.96
-222.41
-222.47
-221.34
-219.38
-217.03
-214.75
-212.92
-211.75
-211.27
-211.39
-211.91
-212.61
-213.25
-213.59
-213.49
-212.85
-211.66
-209.93
-207.70
-205.04
-202.01
-198.69
-195.16
-191.53
-187.88
-184.29
-180.83
-177.53
-174.45
-171.66
-169.25
-167.29
-165.89
-165.16
-165.22
-166.20
-168.14
-171.03
-174.79
-179.27
-184.20
-189.26
-194.11
-198.43
-202.03
-204.84
-206.89
-208.30
-209.26
-209.97
-210.60
-211.27
-212.08
-213.08
-214.31
-215.77
-217.47
-219.36
-221.38
-223.44
-225.47
-227.40
-229.15
-230.69
-231.98
-233.01
-233.76
-234.24
-234.48
-234.51
-234.35
-234.07
-233.70
-233.32
-232.97
-232.72
-232.59
-232.58
-232.68
-232.85
-233.02
-233.11
-233.07
-232.81
-232.25
-231.34
-230.06
-228.41
-226.47
-224.34
-222.12
-219.93
-217.85
-215.95
-214.26
-212.80
-211.57
-210.60
-209.86
-209.33
-208.94
-208.58
-208.17
-207.57
-206.67
-205.36
-203.58
-201.31
-198.62
-195.65
-192.56
-189.49
-186.55
-183.79
-181.20
-178.71
-176.22
-173.62
-170.79
-167.65
-164.11
-160.10
-155.57
-150.47
-144.83
-138.69
-132.17
-125.37
-118.45
-111.57
-104.85
-98.39
-92.29
-86.58
-81.31
-76.50
-72.16
-68.26
-64.77
-61.65
-58.83
-56.26
-53.89
-51.68
-49.57
-47.52
-45.48
-43.42
-41.30
-39.12
-36.90
-34.68
-32.51
-30.45
-28.58
-26.97
-25.67
-24.71
-24.10
-23.82
-23.85
-24.13
-24.61
-25.22
-25.88
-26.51
-27.04
-27.41
-27.59
-27.54
-27.28
-26.83
-26.22
-25.49
-24.70
-23.89
-23.11
-22.40
-21.77
-21.26
-20.86
-20.58
-20.41
-20.33
-20.32
-20.35
-20.38
-20.38
-20.33
-20.22
-20.05
-19.81
-19.54
-19.25
-18.96
-18.71
-18.50
-18.37
-18.34
-18.43
-18.64
-19.00
-19.51
-20.17
-20.99
-21.99
-23.16
-24.52
-26.04
-27.71
-29.52
-31.43
-33.42
-35.46
-37.50
-39.51
-41.46
-43.30
-45.02
-46.58
-47.98
-49.20
-50.21
-51.04
-51.69
-52.17
-52.53
-52.80
-53.01
-53.19
-53.37
-53.56
-53.76
-54.00
-54.24
-54.50
-54.74
-54.98
-55.20
-55.42
-55.61
-55.78
-55.91
-55.98
-55.97
-55.87
-55.65
-55.29
-54.77
-54.05
-53.13
-52.00
-50.68
-49.21
-47.62
-45.96
-44.26
-42.55
-40.83
-39.09
-37.33
-35.52
-33.65
-31.70
-29.64
-27.49
-25.26
-22.98
-20.69
-18.40
-16.14
-13.89
-11.68
-9.53
-7.45
-5.48
-3.61
-1.86
-0.22
1.30
2.72
4.04
5.29
6.48
7.61
8.69
9.70
10.65
11.51
12.30
13.00
13.61
14.15
14.61
15.00
15.33
15.61
15.82
15.97
16.07
16.09
16.05
15.96
15.79
15.58
15.33
15.04
14.74
14.43
14.15
13.90
13.67
13.47
13.28
13.10
12.89
12.64
12.37
12.04
11.68
11.26
10.78
10.24
9.60
8.86
7.99
6.98
5.82
4.50
3.03
1.42
-0.33
-2.19
-4.15
-6.19
-8.30
-10.46
-12.64
-14.81
-16.95
-19.02
-20.99
-22.87
-24.64
-26.28
-27.79
-29.15
-30.34
-31.35
-32.19
-32.87
-33.42
-33.89
-34.33
-34.82
-35.41
-36.14
-37.05
-38.16
-39.45
-40.93
-42.60
-44.44
-46.47
-48.68
-51.09
-53.69
-59.34
-62.27
-65.11
-67.68
-69.79
-71.25
-71.92
-71.70
-70.60
-68.67
-66.04
-62.86
-59.29
-55.49
-51.57
-47.63
-43.71
-39.85
-36.08
-32.41
-28.84
-25.34
-21.90
-18.50
-15.10
-11.71
-8.29
-4.84
-1.35
2.17
5.69
9.16
12.51
15.67
18.55
21.11
23.27
25.02
26.34
27.23
27.73
27.85
27.63
27.08
26.23
25.10
23.73
22.14
20.36
18.46
16.49
14.51
12.57
10.72
8.98
7.37
5.88
4.52
3.27
2.15
1.19
0.43
-0.07
-0.23
-0.01
0.65
1.71
3.11
4.75
6.52
8.30
10.01
11.57
12.96
14.16
15.17
15.98
16.59
17.00
17.21
17.20
16.96
16.48
15.76
14.82
13.68
12.38
10.99
9.57
8.22
7.01
6.00
5.21
4.64
4.26
4.05
3.97
4.02
4.19
4.48
4.87
5.33
5.80
6.23
6.54
6.69
6.64
6.36
5.88
5.22
4.43
3.57
2.68
1.80
0.95
0.15
-0.62
-1.37
-2.10
-2.84
-3.57
-4.29
-4.99
-5.67
-6.31
-6.90
-7.42
-7.84
-8.15
-8.33
-8.37
-8.25
-8.00
-7.63
-7.16
-6.63
-6.05
-5.45
-4.85
-4.26
-3.68
-3.11
-2.56
-2.01
-1.48
-0.96
-0.47
0.00
0.42
0.80
1.14
1.44
1.70
1.92
2.12
2.28
2.40
2.47
2.48
2.41
2.25
2.01
1.67
1.23
0.71
0.09
-0.62
-1.43
-2.34
-3.38
-4.54
-5.87
-7.37
-9.06
-10.96
-13.05
-15.34
-17.80
-20.39
-23.09
-25.87
-28.74
-31.69
-34.74
-37.92
-41.25
-44.78
-48.52
-52.51
-56.75
-61.26
-66.04
-71.06
-76.31
-81.74
-87.26
-92.79
-98.23
-103.47
-108.43
-113.03
-117.23
-121.00
-124.38
-127.40
-130.14
-132.66
-135.04
-137.34
-139.62
-141.94
-144.37
-147.01
-150.00
-153.45
-157.51
-162.25
-167.70
-173.83
-180.53
-187.59
-194.75
-201.68
-208.07
-213.61
-218.10
-221.39
-223.48
-224.45
-224.48
-223.80
-222.67
-221.31
-219.90
-218.53
-217.23
-215.99
-214.80
-213.61
-212.39
-211.09
-209.69
-208.16
-206.51
-204.75
-202.94
-201.08
-199.18
-197.22
-195.15
-192.94
-190.58
-188.11
-185.64
-183.34
-181.39
-180.02
-179.41
-179.72
-181.06
-183.47
-186.95
-191.42
-196.74
-202.75
-209.20
-215.87
-222.49
-228.81
-234.62
-239.75
-244.09
-247.61
-250.38
-252.52
-254.24
-255.80
-257.46
-259.49
-262.12
-265.56
-269.92
-275.25
-281.56
-288.78
-296.84
-305.61
-314.88
-324.41
-333.92
-343.08
-351.60
-359.18
-365.57
-370.62
-374.23
-376.47
-377.48
-377.53
-376.93
-375.99
-375.01
-374.22
-373.79
-373.86
-374.53
-375.86
-377.91
-380.75
-384.43
-388.96
-394.28
-400.26
-406.69
-413.29
-419.73
-425.59
-430.50
-434.08
-436.09
-436.35
-434.83
-431.59
-426.77
-420.61
-413.39
-405.41
-396.94
-388.24
-379.47
-370.74
-362.10
-353.61
-345.26
-337.08
-329.09
-321.28
-313.68
-306.30
-299.19
-292.34
-285.75
-279.39
-273.24
-267.21
-261.21
-255.14
-248.90
-242.41
-235.63
-228.57
-221.27
-213.80
-206.27
-198.74
-191.32
-184.06
-177.06
-170.36
-164.04
-158.12
-152.62
-147.53
-142.82
-138.48
-134.47
-130.80
-127.44
-124.42
-121.74
-119.43
-117.51
-116.00
-114.89
-114.12
-113.65
-113.41
-113.33
-113.36
-113.45
-113.58
-113.75
-114.00
-114.36
-114.90
-115.66
-116.68
-117.97
-119.53
-121.36
-123.44
-125.73
-128.20
-130.79
-133.49
-136.22
-138.93
-141.53
-143.91
-146.01
-147.74
-149.03
-149.84
-150.13
-149.90
-149.17
-147.97
-146.35
-144.36
-142.08
-139.60
-137.01
-134.40
-131.82
-129.33
-126.98
-124.80
-122.85
-121.15
-119.72
-118.55
-117.60
-116.80
-116.09
-115.36
-114.53
-113.50
-112.21
-110.61
-108.69
-106.44
-103.89
-101.03
-97.89
-94.44
-90.64
-86.45
-81.82
-76.71
-71.13
-65.09
-58.65
-51.93
-45.08
-38.29
-31.71
-25.50
-19.76
-14.57
-9.95
-5.89
-2.37
0.67
3.31
5.59
7.59
9.34
10.91
12.31
13.60
14.77
15.84
16.81
17.68
18.45
19.11
19.64
20.04
20.29
20.40
20.37
20.20
19.91
19.51
19.01
18.43
17.77
17.03
16.22
15.33
14.34
13.22
11.93
10.43
8.70
6.70
4.45
1.96
-0.74
-3.60
-6.56
-9.58
-12.60
-15.62
-18.64
-21.69
-24.80
-27.99
-31.32
-34.84
-38.57
-42.54
-46.74
-51.16
-55.73
-60.39
-65.05
-69.63
-74.04
-78.19
-82.01
-85.42
-88.39
-90.92
-93.03
-94.78
-96.22
-97.42
-98.41
-99.24
-99.95
-100.56
-101.11
-101.63
-102.10
-102.52
-102.82
-102.96
-102.87
-102.53
-101.94
-101.12
-100.16
-99.12
-98.11
-97.20
-96.48
-96.02
-95.87
-96.04
-96.56
-97.41
-98.57
-100.01
-101.67
-103.50
-105.42
-107.36
-109.20
-110.86
-112.22
-113.18
-113.67
-113.62
-113.00
-111.82
-110.15
-108.08
-105.73
-103.26
-100.77
-98.34
-96.00
-93.73
-91.49
-89.23
-86.90
-84.49
-81.99
-79.43
-76.82
-74.18
-71.52
-68.80
-66.00
-63.07
-59.98
-56.75
-53.37
-49.92
-46.42
-42.97
-39.62
-36.45
-33.52
-30.85
-28.46
-26.35
-24.50
-22.88
-21.47
-20.22
-19.13
-18.19
-17.39
-16.74
-16.22
-15.81
-15.51
-15.29
-15.16
-15.17
-15.37
-15.84
-16.68
-18.01
-19.91
-22.47
-25.76
-29.77
-34.48
-39.80
-45.60
-51.78
-58.19
-64.74
-71.33
-77.90
-84.40
-90.80
-97.07
-103.20
-109.21
-115.13
-120.99
-126.85
-132.70
-138.53
-144.29
-149.92
-155.31
-160.31
-164.73
-168.37
-171.05
-172.63
-173.04
-172.33
-170.60
-168.05
-164.89
-161.38
-157.79
-154.43
-151.60
-149.62
-148.76
-149.26
-151.31
-155.03
-160.47
-167.59
-176.19
-185.96
-196.47
-207.19
-217.57
-227.09
-235.27
-241.76
-246.38
-249.12
-250.12
-249.63
-247.93
-245.29
-242.01
-238.38
-234.67
-231.08
-227.81
-224.94
-222.51
-220.49
-218.81
-217.36
-216.02
-214.61
-212.98
-210.95
-208.39
-205.19
-201.28
-196.67
-191.38
-185.52
-179.24
-172.74
-166.26
-160.00
-154.17
-148.87
-144.15
-140.03
-136.45
-133.31
-130.51
-127.94
-125.54
-123.24
-121.01
-118.83
-116.72
-114.69
-112.81
-111.13
-109.69
-108.52
-107.63
-107.00
-106.65
-106.55
-106.68
-107.03
-107.55
-108.21
-108.95
-109.72
-110.48
-111.23
-111.97
-112.73
-113.54
-114.44
-115.45
-116.60
-117.89
-119.33
-120.92
-122.68
-124.62
-126.78
-129.22
-132.01
-135.15
-138.64
-142.36
-146.15
-149.80
-153.07
-155.75
-157.75
-159.02
-159.65
-159.83
-159.74
-159.63
-159.67
-159.97
-160.60
-161.55
-162.80
-164.32
-166.09
-168.11
-170.44
-173.11
-176.22
-179.80
-183.83
-188.17
-192.67
-197.10
-201.25
-204.93
-208.02
-210.48
-212.33
-213.65
-214.59
-215.29
-215.91
-216.60
-217.48
-218.66
-220.22
-222.23
-224.73
-227.73
-231.19
-235.01
-239.03
-242.99
-246.57
-249.44
-251.32
-252.00
-251.38
-249.52
-246.60
-242.85
-238.57
-234.02
-229.41
-224.91
-220.59
-216.48
-212.62
-209.03
-205.76
-202.87
-200.39
-198.35
-196.71
-195.39
-194.25
-193.10
-191.75
-190.00
-187.70
-184.81
-181.39
-177.58
-173.62
-169.75
-166.21
-163.20
-160.86
-159.29
-158.50
-158.50
-159.27
-160.79
-163.02
-165.92
-169.40
-173.39
-177.71
-182.20
-186.65
-190.86
-194.64
-197.88
-200.52
-202.61
-204.24
-205.58
-206.76
-207.91
-209.12
-210.43
-211.85
-213.36
-214.99
-216.74
-218.62
-220.69
-222.96
-225.44
-228.14
-231.02
-234.04
-237.15
-240.31
-243.50
-246.74
-250.04
-253.48
-257.17
-261.20
-265.70
-270.77
-276.43
-282.70
-289.52
-296.83
-304.58
-312.71
-321.21
-330.02
-339.12
-348.49
-358.10
-367.92
-377.92
-388.08
-398.37
-408.76
-419.22
-429.74
-440.31
-450.93
-461.58
-472.20
-482.70
-492.96
-502.84
-512.18
-520.85
-528.74
-535.79
-542.01
-547.48
-552.29
-556.61
-560.61
-564.44
-568.20
-571.96
-575.67
-579.24
-582.54
-585.35
-587.48
-588.72
-588.87
-587.80
-585.43
-581.82
-577.15
-571.71
-565.90
-560.15
-554.92
-550.58
-547.37
-545.35
-544.43
-544.43
-545.11
-546.23
-547.58
-548.98
-550.28
-551.39
-552.25
-552.85
-553.19
-553.24
-552.98
-552.37
-551.41
-550.10
-548.48
-546.57
-544.45
-542.22
-540.04
-538.13
-536.73
-536.10
-536.48
-538.08
-541.09
-545.60
-551.70
-559.43
-568.82
-579.83
-592.40
-606.39
-621.59
-637.77
-654.64
-671.89
-689.19
-706.20
-722.59
-738.10
-752.50
-765.68
-777.64
-788.47
-798.33
-807.49
-816.33
-825.26
-834.69
-844.98
-856.45
-869.30
-883.64
-899.47
-916.70
-935.16
-954.61
-974.82
-995.51
-1016.43
-1037.34
-1057.98
-1078.14
-1097.64
-1116.33
-1134.08
-1150.79
-1166.44
-1181.05
-1194.67
-1207.36
-1219.19
-1230.18
-1240.37
-1249.81
-1258.55
-1266.71
-1274.37
-1281.67
-1288.76
-1295.75
-1302.79
-1310.05
-1317.68
-1325.86
-1334.82
-1344.75
-1355.89
-1368.46
-1382.66
-1398.66
-1416.47
-1436.02
-1457.06
-1479.27
-1502.21
-1525.38
-1548.22
-1570.17
-1590.77
-1609.67
-1626.72
-1641.94
-1655.49
-1667.63
-1678.69
-1689.00
-1698.92
-1708.73
-1718.67
-1728.85
-1739.35
-1750.34
-1761.99
-1774.49
-1787.88
-1802.12
-1817.07
-1832.43
-1847.86
-1862.93
-1877.25
-1890.40
-1902.01
-1911.74
-1919.40
-1924.93
-1928.34
-1929.67
-1928.89
-1925.91
-1920.61
-1912.82
-1902.43
-1889.48
-1874.29
-1857.40
-1839.51
-1821.41
-1803.90
-1787.68
-1773.30
-1761.03
-1750.97
-1743.09
-1737.31
-1733.49
-1731.43
-1730.95
-1731.85
-1733.89
-1736.78
-1740.20
-1743.75
-1747.05
-1749.85
-1751.99
-1753.52
-1754.58
-1755.44
-1756.44
-1757.98
-1760.51
-1764.37
-1769.70
-1776.42
-1784.20
-1792.52
-1800.76
-1808.32
-1814.70
-1819.63
-1822.96
-1824.70
-1824.86
-1823.38
-1820.22
-1815.33
-1808.71
-1800.44
-1790.69
-1779.76
-1768.06
-1756.14
-1744.64
-1734.20
-1725.38
-1718.58
-1714.01
-1711.66
-1711.36
-1712.85
-1715.86
-1720.18
-1725.61
-1732.01
-1739.25
-1747.13
-1755.34
-1763.52
-1771.14
-1777.63
-1782.44
-1785.07
-1785.24
-1782.98
-1778.62
-1772.75
-1766.13
-1759.51
-1753.52
-1748.60
-1744.89
-1742.30
-1740.59
-1739.48
-1738.75
-1738.34
-1738.27
-1738.70
-1739.82
-1741.80
-1744.72
-1748.43
-1752.54
-1756.41
-1759.26
-1760.34
-1759.05
-1755.08
-1748.38
-1739.12
-1727.68
-1714.55
-1700.31
-1685.62
-1671.17
-1657.64
-1645.63
-1635.58
-1627.92
-1622.99
-1621.07
-1622.35
-1626.95
-1634.91
-1646.18
-1660.62
-1678.08
-1698.36
-1721.32
-1746.91
-1775.22
-1806.41
-1840.52
-1877.42
-1916.71
-1957.83
-2000.00
-2042.43
-2084.30
-2124.78
-2163.09
-2198.55
-2230.55
-2258.73
-2283.03
-2303.71
-2321.24
-2336.24
-2349.39
-2361.25
-2372.26
-2382.71
-2392.83
-2402.77
-2412.64
-2422.60
-2432.91
-2443.80
-2455.49
-2468.03
-2481.20
-2494.55
-2507.45
-2519.26
-2529.46
-2537.70
-2543.76
-2547.53
-2548.92
-2547.94
-2544.68
-2539.30
-2532.05
-2523.15
-2512.84
-2501.42
-2489.17
-2476.31
-2463.11
-2449.83
-2441.60
-2436.70
-2423.88
-2411.50
-2399.59
-2388.12
-2376.96
-2365.85
-2354.47
-2342.46
-2329.55
-2315.57
-2300.50
-2284.45
-2267.58
-2250.09
-2232.24
-2214.26
-2196.37
-2178.74
-2161.48
-2144.68
-2128.40
-2112.67
-2097.42
-2082.58
-2067.99
-2053.50
-2038.97
-2024.33
-2009.64
-1995.07
-1980.91
-1967.48
-1955.18
-1944.40
-1935.50
-1928.81
-1924.50
-1922.60
-1922.95
-1925.19
-1928.89
-1933.57
-1938.76
-1944.10
-1949.35
-1954.40
-1959.17
-1963.61
-1967.57
-1970.95
-1973.69
-1975.83
-1977.63
-1979.48
-1981.89
-1985.34
-1990.23
-1996.75
-2004.90
-2014.45
-2025.06
-2036.35
-2048.04
-2059.98
-2072.21
-2084.91
-2098.44
-2113.26
-2129.77
-2148.22
-2168.60
-2190.65
-2213.86
-2237.74
-2261.80
-2285.77
-2309.68
-2333.74
-2358.40
-2384.16
-2411.46
-2440.49
-2471.09
-2502.76
-2534.73
-2566.22
-2596.56
-2625.47
-2653.07
-2679.79
-2706.20
-2732.81
-2759.74
-2786.71
-2812.93
-2837.36
-2858.78
-2876.07
-2888.45
-2895.64
-2897.95
-2896.28
-2891.77
-2885.58
-2878.68
-2871.78
-2865.40
-2859.81
-2855.18
-2851.62
-2849.17
-2847.75
-2847.16
-2847.11
-2847.29
-2847.43
-2847.33
-2846.82
-2845.70
-2843.92
-2841.41
-2838.19
-2834.22
-2829.46
-2823.96
-2817.81
-2811.05
-2803.52
-2794.82
-2784.35
-2771.47
-2755.61
-2736.32
-2713.31
-2686.56
-2656.26
-2622.75
-2586.34
-2547.32
-2505.99
-2462.58
-2417.32
-2370.35
-2321.69
-2271.35
-2219.40
-2166.15
-2112.16
-2058.17
-2005.05
-1953.62
-1904.58
-1858.47
-1815.73
-1776.64
-1741.33
-1709.79
-1681.87
-1657.33
-1635.76
-1616.67
-1599.48
-1583.52
-1568.13
-1552.70
-1536.65
-1519.50
-1500.88
-1480.57
-1458.46
-1434.54
-1408.84
-1381.44
-1352.48
-1322.08
-1290.36
-1257.49
-1223.73
-1189.39
-1154.83
-1120.40
-1086.40
-1053.07
-1020.53
-988.90
-958.19
-928.45
-899.65
-871.73
-844.63
-818.34
-792.90
-768.35
-744.69
-721.91
-699.96
-678.69
-657.88
-637.30
-616.75
-596.10
-575.31
-554.45
-533.67
-513.17
-493.14
-473.79
-455.25
-437.65
-421.06
-405.54
-391.11
-377.80
-365.59
-354.46
-344.32
-335.07
-326.59
-318.69
-311.22
-304.01
-296.87
-289.68
-282.34
-274.81
-267.10
-259.29
-251.47
-243.76
-236.26
-229.07
-222.26
-215.91
-210.12
-204.98
-200.59
-197.00
-194.24
-192.29
-191.10
-190.54
-190.46
-190.68
-191.04
-191.40
-191.68
-191.87
-192.02
-192.21
-192.55
-193.15
-194.09
-195.40
-197.10
-199.17
-201.58
-204.29
-207.27
-210.48
-213.85
-217.33
-220.84
-224.28
-227.55
-230.55
-233.19
-235.40
-237.16
-238.53
-239.56
-240.39
-241.12
-241.87
-242.73
-243.78
-245.08
-246.65
-248.50
-250.64
-253.04
-255.74
-258.72
-261.96
-265.42
-269.03
-272.71
-276.40
-280.03
-283.52
-286.78
-289.76
-292.40
-294.67
-296.56
-298.03
-299.03
-299.50
-299.40
-298.67
-297.31
-295.31
-292.70
-289.51
-285.81
-281.66
-277.15
-272.37
-267.38
-262.26
-257.05
-251.77
-246.44
-241.02
-235.49
-229.77
-223.78
-217.46
-210.74
-203.59
-196.02
-188.09
-179.93
-171.66
-163.43
-155.41
-147.71
-140.47
-133.75
-127.55
-121.83
-116.51
-111.51
-106.69
-101.98
-97.27
-92.52
-87.66
-82.70
-77.63
-72.46
-67.23
-61.97
-56.69
-51.44
-46.25
-41.20
-36.38
-31.86
-27.70
-23.95
-20.59
-17.59
-14.88
-12.43
-10.19
-8.13
-6.27
-4.57
-3.02
-1.64
-0.38
0.74
1.74
2.65
3.48
4.24
4.95
5.60
6.20
6.71
7.15
7.51
7.80
8.04
8.24
8.40
8.49
8.47
8.27
7.81
6.98
5.68
3.77
1.17
-2.26
-6.60
-11.95
-18.36
-25.89
-34.54
-44.28
-55.06
-66.75
-79.23
-92.31
-105.83
-119.56
-133.32
-146.90
-160.18
-173.04
-185.46
-197.46
-209.10
-220.47
-231.66
-242.77
-253.82
-264.84
-275.78
-286.58
-297.12
-307.23
-316.73
-325.44
-333.21
-339.95
-345.58
-350.11
-353.55
-355.90
-357.18
-357.45
-356.84
-355.48
-353.52
-351.08
-348.25
-345.11
-341.76
-338.26
-334.67
-331.01
-327.24
-323.33
-319.21
-314.88
-310.34
-305.58
-300.64
-295.54
-290.35
-285.15
-280.01
-274.99
-270.14
-265.48
-261.02
-256.80
-252.80
-249.03
-245.48
-242.12
-238.94
-235.87
-232.88
-229.90
-226.87
-223.75
-220.44
-216.86
-212.95
-208.69
-204.09
-199.21
-194.12
-188.90
-183.67
-178.50
-173.49
-168.73
-164.26
-160.11
-156.27
-152.76
-149.55
-146.60
-143.91
-141.44
-139.22
-137.22
-135.44
-133.85
-132.45
-131.23
-130.18
-129.31
-128.57
-127.95
-127.42
-126.96
-126.53
-126.11
-125.67
-125.20
-124.72
-124.27
-123.89
-123.61
-123.48
-123.51
-123.75
-124.21
-124.88
-125.77
-126.84
-128.08
-129.42
-130.84
-132.27
-133.67
-135.00
-136.22
-137.30
-138.19
-138.87
-139.31
-139.51
-139.48
-139.25
-138.84
-138.29
-137.60
-136.80
-135.91
-134.93
-133.90
-132.82
-131.74
-130.67
-129.67
-128.76
-128.01
-127.45
-127.11
-126.98
-127.03
-127.17
-127.32
-127.38
-127.27
-126.94
-126.42
-125.75
-125.00
-124.30
-123.74
-123.44
-123.49
-123.96
-124.91
-126.37
-128.36
-130.88
-133.93
-137.48
-141.48
-145.84
-150.39
-154.92
-159.13
-162.73
-165.43
-167.02
-167.38
-166.52
-164.56
-161.70
-158.22
-154.39
-150.49
-146.73
-143.25
-140.16
-137.49
-135.23
-133.34
-131.75
-130.34
-129.00
-127.56
-125.85
-123.70
-121.00
-117.68
-113.74
-109.26
-104.39
-99.29
-94.15
-89.18
-84.52
-80.30
-76.59
-73.44
-70.85
-68.80
-67.26
-66.22
-65.61
-65.40
-65.51
-65.87
-66.37
-66.90
-67.33
-67.57
-67.54
-67.23
-66.63
-65.81
-64.87
-63.92
-63.09
-62.50
-62.26
-62.43
-63.07
-64.18
-65.77
-67.81
-70.26
-73.08
-76.20
-79.57
-83.10
-86.70
-90.28
-93.71
-96.89
-99.72
-102.13
-104.08
-105.57
-106.62
-107.29
-107.65
-107.80
-107.79
-107.67
-107.43
-107.04
-106.46
-105.61
-104.42
-102.83
-100.81
-98.35
-95.48
-92.24
-88.71
-84.97
-81.11
-77.22
-73.39
-69.71
-66.24
-63.01
-60.04
-57.32
-54.84
-52.56
-50.47
-48.56
-46.79
-45.17
-43.69
-42.35
-41.15
-40.09
-39.16
-38.37
-37.68
-37.08
-36.54
-36.03
-35.53
-34.98
-34.36
-33.63
-32.77
-31.76
-30.60
-29.32
-27.92
-26.45
-24.93
-23.40
-21.88
-20.42
-19.03
-17.74
-16.58
-15.56
-14.69
-13.99
-13.44
-13.05
-12.80
-12.68
-12.68
-12.76
-12.93
-13.16
-13.43
-13.72
-14.03
-14.34
-14.63
-14.93
-15.21
-15.50
-15.81
-16.16
-16.58
-17.09
-17.72
-18.50
-19.45
-20.60
-21.99
-23.64
-25.58
-27.83
-30.41
-33.35
-36.66
-40.35
-44.43
-48.86
-53.63
-58.67
-63.94
-69.37
-74.88
-80.38
-85.82
-91.09
-96.12
-100.84
-105.19
-109.13
-112.62
-115.66
-118.23
-120.34
-122.03
-123.32
-124.27
-124.93
-125.35
-125.58
-125.69
-125.74
-125.79
-125.91
-126.15
-126.58
-127.24
-128.16
-129.38
-130.91
-132.76
-134.94
-137.44
-140.23
-143.29
-146.59
-150.09
-153.75
-157.54
-161.44
-165.42
-169.47
-173.57
-177.71
-181.87
-186.05
-190.26
-194.51
-198.80
-203.12
-207.50
-211.94
-216.47
-221.10
-225.85
-230.78
-235.91
-241.30
-247.04
-253.20
-259.89
-267.20
-275.23
-284.05
-293.71
-304.24
-315.64
-327.88
-340.91
-354.67
-369.07
-384.03
-399.50
-415.44
-431.86
-448.78
-466.27
-484.39
-503.20
-522.69
-542.82
-563.46
-584.46
-605.63
-626.78
-647.68
-668.10
-687.85
-706.83
-725.09
-742.81
-760.25
-777.68
-795.46
-813.98
-833.70
-855.08
-878.57
-904.54
-933.36
-965.37
-1000.93
-1040.34
-1083.84
-1131.53
-1183.25
-1238.55
-1296.76
-1357.08
-1418.50
-1479.95
-1540.29
-1598.48
-1653.68
-1705.22
-1752.59
-1795.43
-1833.41
-1866.15
-1893.21
-1914.17
-1928.80
-1937.08
-1939.27
-1935.91
-1927.72
-1915.70
-1900.99
-1884.90
-1868.67
-1853.38
-1839.82
-1828.51
-1819.66
-1813.33
-1809.51
-1808.23
-1809.52
-1813.48
-1820.15
-1829.35
-1840.61
-1853.15
-1865.93
-1877.67
-1887.01
-1892.64
-1893.47
-1888.66
-1877.77
-1860.67
-1837.58
-1809.04
-1775.81
-1738.92
-1699.53
-1658.91
-1618.18
-1578.35
-1540.28
-1504.69
-1472.12
-1442.99
-1417.60
-1396.21
-1378.97
-1365.93
-1357.01
-1352.01
-1350.57
-1352.19
-1356.27
-1362.16
-1369.17
-1376.58
-1383.70
-1389.92
-1394.80
-1398.06
-1399.58
-1399.33
-1397.40
-1393.93
-1389.06
-1382.96
-1375.72
-1367.40
-1358.04
-1347.78
-1336.81
-1325.47
-1314.14
-1303.27
-1293.28
-1284.62
-1277.72
-1273.02
-1270.90
-1271.63
-1275.40
-1282.27
-1292.24
-1305.19
-1320.91
-1339.11
-1359.50
-1381.77
-1405.61
-1430.63
-1456.39
-1482.47
-1508.42
-1533.83
-1558.43
-1582.04
-1604.73
-1626.73
-1648.48
-1670.54
-1693.56
-1718.17
-1744.84
-1773.87
-1805.40
-1839.44
-1875.94
-1914.75
-1955.70
-1998.58
-2043.13
-2089.03
-2135.87
-2183.11
-2230.03
-2275.83
-2319.71
-2361.01
-2399.18
-2433.92
-2465.06
-2492.58
-2516.64
-2537.50
-2555.44
-2570.71
-2583.50
-2593.82
-2601.63
-2607.01
-2610.03
-2610.88
-2609.66
-2606.49
-2601.30
-2593.86
-2583.90
-2571.09
-2555.26
-2536.34
-2514.43
-2489.66
-2462.27
-2432.52
-2400.76
-2367.34
-2332.69
-2297.27
-2261.61
-2226.22
-2191.63
-2158.39
-2127.01
-2097.92
-2071.43
-2047.78
-2027.13
-2009.59
-1995.22
-1984.18
-1976.64
-1972.80
-1972.80
-1976.78
-1984.76
-1996.74
-2012.54
-2031.88
-2054.39
-2079.63
-2107.18
-2136.70
-2167.87
-2200.32
-2233.63
-2267.27
-2300.76
-2333.62
-2365.44
-2395.91
-2424.79
-2451.92
-2477.17
-2500.44
-2521.61
-2540.56
-2557.05
-2570.78
-2581.39
-2588.58
-2592.19
-2592.21
-2588.90
-2582.68
-2574.25
-2564.45
-2554.13
-2544.10
-2534.99
-2527.35
-2521.62
-2518.17
-2517.34
-2519.37
-2524.41
-2532.51
-2543.65
-2557.75
-2574.62
-2594.04
-2615.78
-2639.74
-2665.80
-2693.90
-2723.90
-2755.60
-2788.75
-2823.06
-2858.20
-2893.83
-2929.66
-2965.49
-3001.11
-3036.27
-3070.44
-3102.85
-3132.52
-3158.35
-3179.20
-3193.86
-3201.29
-3200.70
-3191.58
-3173.79
-3147.52
-3113.26
-3071.70
-3023.65
-2970.03
-2911.68
-2849.34
-2783.83
-2716.11
-2647.20
-2578.19
-2510.11
-2443.93
-2380.38
-2320.10
-2263.60
-2211.30
-2163.60
-2120.80
-2083.28
-2051.31
-2025.00
-2004.19
-1988.44
-1976.92
-1968.51
-1961.92
-1955.71
-1948.48
-1938.98
-1926.29
-1909.91
-1889.67
-1865.69
-1838.37
-1808.42
-1776.80
-1744.63
-1712.98
-1682.93
-1655.40
-1631.15
-1610.74
-1594.53
-1582.72
-1575.28
-1572.01
-1572.57
-1576.54
-1583.47
-1592.79
-1603.86
-1615.97
-1628.42
-1640.56
-1651.85
-1661.83
-1670.21
-1676.83
-1681.64
-1684.74
-1686.25
-1686.38
-1685.30
-1683.19
-1680.19
-1676.44
-1672.02
-1667.03
-1661.56
-1655.67
-1649.41
-1642.74
-1635.64
-1628.10
-1620.14
-1611.79
-1603.08
-1594.10
-1584.95
-1575.76
-1566.74
-1558.09
-1550.01
-1542.66
-1536.13
-1530.47
-1525.66
-1521.64
-1518.29
-1515.48
-1513.10
-1511.10
-1509.44
-1508.05
-1506.87
-1505.75
-1504.47
-1502.71
-1500.14
-1496.43
-1491.29
-1484.43
-1475.48
-1464.05
-1449.71
-1432.09
-1410.90
-1386.01
-1357.41
-1325.32
-1290.19
-1252.59
-1213.21
-1172.78
-1131.99
-1091.52
-1052.01
-1013.96
-977.74
-943.50
-911.25
-880.94
-852.40
-825.39
-799.63
-774.77
-750.57
-726.79
-703.32
-680.14
-657.28
-634.90
-613.20
-592.40
-572.69
-554.23
-537.11
-521.35
-506.92
-493.75
-481.73
-470.72
-460.60
-451.23
-442.48
-434.22
-426.35
-418.78
-411.45
-404.31
-397.34
-390.58
-384.10
-378.05
-372.57
-367.83
-363.94
-360.92
-358.70
-357.11
-355.88
-354.69
-353.16
-350.91
-347.63
-343.08
-337.07
-329.52
-320.46
-310.07
-298.58
-286.36
-273.78
-261.27
-249.24
-238.00
-227.76
-218.55
-210.30
-202.82
-195.84
-189.09
-182.32
-175.34
-168.02
-160.35
-152.37
-144.22
-136.06
-128.07
-120.47
-113.43
-107.09
-101.53
-96.81
-92.93
-89.88
-87.58
-85.98
-84.96
-84.43
-84.30
-84.48
-84.88
-85.42
-86.05
-86.71
-87.41
-88.12
-88.84
-89.56
-90.30
-91.04
-91.79
-92.53
-93.22
-93.80
-94.18
-94.31
-94.16
-93.71
-92.93
-91.81
-90.33
-88.46
-86.19
-83.55
-80.57
-77.31
-73.84
-70.24
-66.58
-62.97
-59.42
-55.96
-52.56
-49.18
-45.79
-42.36
-38.89
-35.36
-31.78
-28.15
-24.49
-20.83
-17.20
-13.65
-10.21
-6.94
-3.88
-1.06
1.48
3.72
5.64
7.24
8.53
9.53
10.25
10.72
10.97
11.04
10.94
10.72
10.39
9.97
9.48
8.95
8.36
7.75
7.11
6.47
5.84
5.24
4.67
4.15
3.69
3.28
2.92
2.60
2.32
2.05
1.80
1.56
1.33
1.09
0.86
0.61
0.36
0.08
-0.24
-0.60
-1.02
-1.51
-2.09
-2.76
-3.50
-4.31
-5.15
-5.98
-6.76
-7.46
-8.05
-8.48
-8.74
-8.78
-8.61
-8.21
-7.59
-6.76
-5.75
-4.60
-3.35
-2.03
-0.71
0.59
1.84
3.00
4.04
4.96
5.71
6.30
6.72
6.96
7.02
6.91
6.64
6.23
5.71
5.12
4.48
3.83
3.21
2.64
2.15
1.75
1.45
1.25
1.14
1.11
1.14
1.21
1.30
1.39
1.44
1.45
1.38
1.22
0.96
0.58
0.10
-0.49
-1.17
-1.90
-2.67
-3.45
-4.23
-4.97
-5.68
-6.35
-7.00
-7.64
-8.32
-9.07
-9.92
-10.92
-12.08
-13.44
-15.01
-16.79
-18.79
-20.98
-23.36
-25.88
-28.52
-31.24
-34.02
-36.79
-39.52
-42.14
-44.63
-46.98
-49.18
-51.24
-53.20
-55.09
-56.96
-58.83
-60.77
-62.78
-64.90
-67.16
-69.58
-72.18
-74.94
-77.81
-80.74
-83.64
-86.40
-88.92
-91.09
-92.83
-94.09
-94.87
-95.21
-95.21
-94.99
-94.71
-94.49
-94.46
-94.68
-95.21
-96.07
-97.24
-98.70
-100.40
-102.28
-104.28
-106.28
-108.16
-109.79
-111.01
-111.69
-111.76
-111.18
-109.97
-108.21
-106.02
-103.54
-100.95
-98.43
-96.15
-94.24
-92.78
-91.80
-91.25
-91.05
-91.07
-91.17
-91.17
-90.94
-90.33
-89.26
-87.67
-85.58
-83.01
-80.05
-76.78
-73.30
-69.74
-66.18
-62.72
-59.41
-56.28
-53.33
-50.55
-47.86
-45.23
-42.57
-39.85
-37.03
-34.10
-31.06
-27.93
-24.74
-21.53
-18.34
-15.18
-12.10
-9.13
-6.29
-3.63
-1.15
1.11
3.15
4.97
6.56
7.95
9.14
10.16
11.00
11.72
12.31
12.82
13.26
13.65
14.00
14.31
14.58
14.80
14.96
15.05
15.07
15.02
14.88
14.65
14.32
13.89
13.34
12.69
11.93
11.06
10.11
9.08
7.96
6.77
5.50
4.14
2.68
1.10
-0.60
-2.46
-4.49
-6.73
-9.20
-11.94
-14.93
-18.16
-21.58
-25.09
-28.56
-31.83
-34.75
-37.14
-38.86
-39.81
-39.94
-39.23
-37.70
-35.43
-32.51
-29.05
-25.16
-20.98
-16.66
-12.31
-8.07
-4.05
-0.29
3.14
6.25
9.06
11.58
13.86
15.90
17.73
19.34
20.72
21.86
22.73
23.35
23.72
23.82
23.69
23.30
22.66
21.72
20.47
18.89
16.97
14.74
12.25
9.58
6.82
4.07
1.46
-0.91
-2.95
-4.58
-5.73
-6.35
-6.41
-5.91
-4.89
-3.45
-1.68
0.24
2.18
3.97
5.50
6.69
7.51
8.00
8.19
8.17
8.02
7.81
7.58
7.38
7.21
7.11
7.05
7.04
7.06
7.11
7.18
7.27
7.39
7.55
7.77
8.06
8.44
8.94
9.57
10.36
11.32
12.47
13.80
15.29
16.90
18.56
20.22
21.78
23.19
24.37
25.26
25.82
26.01
25.80
25.15
24.02
22.34
20.06
17.07
13.26
8.52
2.73
-4.20
-12.36
-21.82
-32.63
-44.80
-58.34
-73.21
-89.39
-106.84
-125.46
-145.16
-165.79
-187.18
-209.11
-231.30
-253.46
-275.24
-296.27
-316.19
-334.62
-351.24
-365.76
-377.93
-387.64
-394.94
-400.02
-403.16
-404.74
-405.10
-404.55
-403.27
-401.37
-398.88
-395.82
-392.15
-387.89
-383.04
-377.66
-371.86
-365.77
-359.50
-353.19
-346.99
-341.11
-335.77
-331.16
-327.44
-324.73
-323.11
-322.66
-323.44
-325.43
-328.65
-333.06
-338.62
-345.28
-353.00
-361.75
-371.54
-382.43
-394.47
-407.77
-422.38
-438.31
-455.46
-473.66
-492.65
-512.15
-531.89
-551.57
-570.89
-589.55
-607.30
-623.98
-639.46
-653.74
-666.84
-678.83
-689.83
-699.92
-709.21
-717.79
-725.75
-733.19
-740.12
-746.57
-752.52
-757.97
-762.86
-767.09
-770.52
-773.02
-774.47
-774.79
-773.98
-772.17
-769.52
-766.32
-762.88
-759.53
-756.59
-754.28
-752.76
-752.14
-752.39
-753.41
-755.04
-757.08
-759.37
-761.73
-764.09
-766.41
-768.79
-771.37
-774.33
-777.85
-782.08
-787.10
-792.89
-799.30
-806.09
-812.93
-819.46
-825.37
-830.40
-834.39
-837.24
-838.93
-839.53
-839.16
-838.06
-836.52
-834.88
-833.43
-832.41
-831.97
-832.12
-832.77
-833.70
-834.60
-835.10
-834.85
-833.57
-831.06
-827.25
-822.21
-816.09
-809.12
-801.54
-793.60
-785.53
-777.51
-769.70
-762.22
-755.12
-748.41
-742.06
-736.01
-730.19
-724.47
-718.74
-712.88
-706.79
-700.37
-693.58
-686.40
-678.84
-670.94
-662.76
-654.40
-645.97
-637.61
-629.50
-621.81
-614.74
-608.46
-603.09
-598.75
-595.49
-593.37
-592.41
-592.59
-593.91
-596.36
-599.92
-604.62
-610.52
-617.72
-626.34
-636.47
-648.21
-661.52
-676.30
-692.31
-709.23
-726.68
-744.28
-761.62
-778.31
-793.99
-808.34
-821.06
-831.84
-840.45
-846.71
-850.54
-851.94
-851.05
-848.11
-843.49
-837.62
-830.99
-824.06
-817.27
-811.00
-805.59
-801.26
-798.24
-796.66
-796.66
-798.37
-801.92
-807.42
-814.95
-824.55
-836.20
-849.78
-865.11
-881.88
-899.73
-918.24
-936.94
-955.34
-973.03
-989.56
-1004.59
-1017.78
-1028.88
-1037.70
-1044.16
-1048.28
-1050.21
-1050.22
-1048.69
-1046.04
-1042.75
-1039.23
-1035.77
-1032.51
-1029.30
-1025.79
-1021.54
-1016.11
-1009.15
-1000.45
-989.96
-977.79
-964.12
-949.22
-933.32
-916.68
-899.54
-882.08
-864.53
-847.09
-829.97
-813.36
-797.43
-782.34
-768.23
-755.18
-743.18
-732.12
-721.83
-712.10
-702.64
-693.19
-683.55
-673.61
-663.34
-652.78
-642.03
-631.23
-620.57
-610.24
-600.47
-591.51
-583.55
-576.78
-571.31
-567.15
-564.25
-562.42
-561.47
-561.13
-561.20
-561.50
-561.89
-562.25
-562.50
-562.56
-562.42
-562.10
-561.65
-561.15
-560.70
-560.43
-560.50
-561.06
-562.22
-564.01
-566.36
-569.13
-572.15
-575.21
-578.15
-580.89
-583.40
-585.75
-588.10
-590.67
-593.73
-597.62
-602.76
-609.68
-618.81
-630.52
-644.92
-661.92
-681.29
-702.73
-725.90
-750.54
-776.40
-803.35
-831.32
-860.15
-889.59
-919.27
-948.69
-977.33
-1004.61
-1029.93
-1052.77
-1072.74
-1089.59
-1103.30
-1113.97
-1121.78
-1126.92
-1129.67
-1130.30
-1129.06
-1126.13
-1121.59
-1115.48
-1107.79
-1098.53
-1087.76
-1075.55
-1061.90
-1046.81
-1030.16
-1011.70
-991.03
-967.72
-941.36
-911.66
-878.46
-841.77
-801.67
-758.35
-712.14
-663.44
-612.75
-560.65
-507.81
-454.98
-403.01
-352.79
-305.14
-260.85
-220.50
-184.44
-152.75
-125.32
-101.88
-82.04
-65.36
-51.40
-39.69
-29.87
-21.57
-14.52
-8.47
-3.21
1.43
5.60
9.39
12.89
16.13
19.09
21.73
24.00
25.84
27.24
28.18
28.71
28.87
28.76
28.47
28.11
27.75
27.47
27.30
27.29
27.45
27.81
28.36
29.07
29.91
30.82
31.71
32.52
33.16
33.58
33.70
33.51
32.99
32.18
31.10
29.80
28.32
26.71
25.00
23.20
21.34
19.41
17.44
15.44
13.41
11.37
9.35
7.38
5.46
3.62
1.87
0.20
-1.40
-2.95
-4.49
-6.04
-7.64
-9.32
-11.13
-13.07
-15.17
-17.41
-19.77
-22.23
-24.72
-27.20
-29.62
-31.94
-34.15
-36.26
-38.29
-40.28
-42.22
-44.11
-45.95
-47.75
-49.56
-51.46
-53.54
-55.91
-58.62
-61.69
-65.06
-68.59
-72.08
-75.31
-78.05
-80.12
-81.39
-81.78
-81.28
-79.94
-77.83
-75.06
-71.75
-68.05
-64.09
-60.02
-55.97
-52.04
-48.32
-44.86
-41.69
-38.78
-36.08
-33.52
-31.05
-28.61
-26.17
-23.73
-21.31
-18.92
-16.60
-14.40
-12.35
-10.46
-8.75
-7.20
-5.82
-4.55
-3.40
-2.32
-1.30
-0.32
0.65
1.61
2.58
3.58
4.59
5.64
6.70
7.77
8.82
9.84
10.79
11.63
12.32
12.83
13.17
13.33
13.34
13.24
13.07
12.89
12.71
12.57
12.49
12.46
12.48
12.54
12.63
12.72
12.80
12.84
12.84
12.76
12.62
12.41
12.13
11.79
11.43
11.05
10.67
10.31
9.98
9.68
9.39
9.10
8.77
8.40
7.94
7.40
6.76
6.04
5.26
4.45
3.65
2.88
2.14
1.42
0.70
-0.04
-0.84
-1.73
-2.75
-3.93
-5.28
-6.79
-8.45
-10.22
-12.06
-13.92
-15.73
-17.41
-18.90
-20.13
-21.07
-21.70
-22.01
-22.03
-21.77
-21.25
-20.50
-19.51
-18.29
-16.86
-15.22
-13.41
-11.48
-9.50
-7.52
-5.61
-3.84
-2.24
-0.84
0.36
1.36
2.17
2.80
3.29
3.66
3.92
4.12
4.26
4.37
4.46
4.54
4.60
4.64
4.66
4.62
4.55
4.42
4.23
4.00
3.73
3.41
3.06
2.68
2.27
1.82
1.31
0.74
0.12
-0.57
-1.28
-1.98
-2.63
-3.17
-3.57
-3.81
-3.89
-3.84
-3.69
-3.47
-3.22
-2.96
-2.71
-2.47
-2.26
-2.06
-1.87
-1.68
-1.49
-1.29
-1.08
-0.90
-0.74
-0.65
-0.67
-0.85
-1.26
-1.96
-3.05
-4.63
-6.79
-9.65
-13.31
-17.90
-23.54
-30.35
-38.47
-47.99
-58.95
-71.34
-85.06
-99.94
-115.67
-131.88
-148.10
-163.81
-178.50
-191.76
-203.29
-212.92
-220.60
-226.37
-230.39
-232.85
-234.03
-234.21
-233.64
-232.55
-231.11
-229.41
-227.48
-225.28
-222.71
-219.65
-215.95
-211.51
-206.25
-200.19
-193.42
-186.11
-178.48
-170.78
-163.30
-156.31
-150.05
-144.75
-140.57
-137.65
-136.07
-135.85
-136.99
-139.46
-143.20
-148.08
-153.96
-160.68
-168.08
-175.99
-184.27
-192.78
-201.41
-210.06
-218.65
-227.12
-235.43
-243.54
-251.41
-259.04
-266.46
-273.73
-280.92
-288.12
-295.37
-302.73
-310.22
-317.84
-325.61
-333.48
-341.43
-349.44
-357.50
-365.64
-373.92
-382.42
-391.29
-400.68
-410.74
-421.64
-433.46
-446.29
-460.15
-475.01
-490.73
-507.10
-523.77
-540.35
-556.43
-571.65
-585.69
-598.35
-609.52
-619.16
-627.34
-634.15
-639.71
-644.12
-647.46
-649.82
-651.30
-652.05
-652.29
-652.25
-652.23
-652.56
-653.53
-655.39
-658.38
-662.67
-668.38
-675.57
-684.23
-694.32
-705.72
-718.30
-731.86
-746.19
-761.03
-776.09
-791.07
-805.65
-819.54
-832.45
-844.11
-854.31
-862.88
-869.69
-874.66
-877.66
-878.59
-877.34
-873.89
-868.28
-860.65
-851.22
-840.32
-828.31
-815.59
-802.54
-789.44
-776.51
-763.89
-751.61
-739.68
-728.10
-716.89
-706.06
-695.64
-685.66
-676.14
-667.09
-658.48
-650.25
-642.37
-634.77
-627.40
-620.26
-613.34
-606.66
-600.27
-594.19
-588.50
-583.25
-578.51
-574.37
-570.88
-568.08
-565.96
-564.44
-563.41
-562.67
-562.02
-561.26
-560.18
-558.66
-556.60
-554.03
-551.02
-547.74
-544.35
-541.02
-537.88
-534.97
-532.27
-529.74
-527.24
-524.69
-521.98
-519.07
-515.97
-512.78
-509.61
-506.61
-503.95
-501.82
-500.40
-499.90
-500.50
-502.38
-505.67
-510.48
-516.86
-524.79
-534.23
-545.06
-557.12
-570.26
-584.34
-599.22
-614.81
-631.04
-647.84
-665.20
-683.11
-701.56
-720.49
-739.86
-759.56
-779.42
-799.27
-818.83
-837.85
-856.01
-873.04
-888.72
-902.92
-915.62
-926.87
-936.79
-945.54
-953.25
-960.01
-965.88
-970.80
-974.55
-976.80
-977.14
-975.20
-970.73
-963.64
-954.02
-942.04
-927.99
-912.19
-895.03
-876.93
-858.36
-839.73
-821.40
-803.63
-786.63
-770.56
-755.45
-741.36
-728.33
-716.39
-705.60
-696.03
-687.70
-680.60
-674.66
-669.76
-665.74
-662.38
-659.38
-656.34
-652.81
-648.26
-642.23
-634.34
-624.34
-612.13
-597.80
-581.58
-563.85
-545.07
-525.75
-506.35
-487.31
-469.03
-451.89
-436.22
-422.25
-410.16
-400.02
-391.85
-385.63
-381.26
-378.60
-377.46
-377.62
-378.87
-381.02
-383.91
-387.37
-391.27
-395.48
-399.88
-404.37
-408.83
-413.19
-417.37
-421.31
-424.94
-428.28
-431.36
-434.30
-437.19
-440.11
-443.14
-446.29
-449.56
-452.91
-456.28
-459.64
-462.97
-466.25
-469.48
-472.71
-475.97
-479.28
-482.59
-485.82
-488.90
-491.78
-494.45
-496.97
-499.47
-502.11
-505.14
-508.85
-513.61
-519.81
-527.76
-537.78
-550.09
-564.85
-582.15
-601.96
-624.13
-648.41
-674.41
-701.61
-729.35
-756.86
-783.29
-807.77
-829.49
-847.70
-861.74
-871.10
-875.46
-874.73
-869.02
-858.60
-843.95
-825.62
-804.31
-780.80
-755.84
-730.17
-704.47
-679.25
-654.93
-631.76
-609.88
-589.31
-569.98
-551.77
-534.48
-517.94
-501.92
-486.27
-470.86
-455.61
-440.48
-425.45
-410.51
-395.67
-380.96
-366.38
-351.94
-337.67
-323.65
-309.99
-296.85
-284.38
-272.72
-261.98
-252.25
-243.61
-236.12
-229.77
-224.49
-220.15
-216.56
-213.54
-210.94
-208.64
-206.58
-204.75
-203.21
-202.04
-201.36
-201.33
-202.11
-203.85
-206.72
-210.80
-216.19
-222.93
-231.00
-240.33
-250.76
-262.12
-274.23
-286.87
-299.83
-312.91
-325.98
-338.97
-351.84
-364.60
-377.26
-389.82
-402.29
-414.66
-426.98
-439.31
-451.74
-464.42
-477.46
-490.98
-505.06
-519.76
-535.10
-551.03
-567.44
-584.15
-601.00
-617.79
-634.36
-650.51
-666.08
-680.95
-695.04
-708.33
-720.84
-732.64
-743.90
-754.83
-765.73
-776.88
-788.56
-801.06
-814.58
-829.25
-845.06
-861.89
-879.51
-897.60
-915.82
-933.79
-951.16
-967.64
-982.97
-996.93
-1009.30
-1019.89
-1028.51
-1034.96
-1039.08
-1040.73
-1039.80
-1036.27
-1030.16
-1021.58
-1010.72
-997.84
-983.23
-967.21
-950.13
-932.33
-914.14
-895.85
-877.70
-859.90
-842.63
-826.07
-810.38
-795.65
-781.99
-769.45
-758.08
-747.89
-738.86
-730.96
-724.09
-718.15
-713.03
-708.58
-704.65
-701.09
-697.80
-694.72
-691.83
-689.17
-686.79
-684.73
-683.05
-681.82
-681.05
-680.79
-681.06
-681.88
-683.31
-685.37
-688.07
-691.40
-695.34
-699.87
-704.98
-710.65
-716.82
-723.45
-730.50
-737.93
-745.68
-753.61
-761.59
-769.42
-776.89
-783.77
-789.81
-794.81
-798.63
-801.15
-802.35
-802.23
-800.87
-798.42
-795.08
-791.13
-786.85
-782.56
-778.56
-775.16
-772.63
-771.19
-771.01
-772.24
-774.99
-779.38
-785.52
-793.56
-803.67
-816.00
-830.68
-847.79
-867.37
-889.42
-913.86
-940.54
-969.22
-999.47
-1030.86
-1062.84
-1094.73
-1125.78
-1155.19
-1182.23
-1206.26
-1226.78
-1243.47
-1256.10
-1264.57
-1268.80
-1268.75
-1264.50
-1256.29
-1244.59
-1229.98
-1213.21
-1194.95
-1175.80
-1156.25
-1136.55
-1116.76
-1096.76
-1076.27
-1054.93
-1032.34
-1008.13
-982.10
-954.24
-924.79
-894.22
-863.09
-832.09
-801.82
-772.85
-745.64
-720.59
-698.02
-678.20
-661.27
-647.27
-636.12
-627.66
-621.71
-617.99
-616.25
-616.23
-617.68
-620.35
-624.02
-628.38
-633.17
-638.19
-643.28
-648.37
-653.39
-658.38
-663.38
-668.42
-673.56
-678.78
-684.06
-689.24
-694.10
-698.37
-701.79
-704.11
-705.08
-704.51
-702.26
-698.31
-692.80
-685.96
-678.15
-669.80
-661.37
-653.23
-645.69
-638.99
-633.32
-628.82
-625.52
-623.34
-622.10
-621.56
-621.45
-621.55
-621.69
-621.73
-621.59
-621.21
-620.55
-619.61
-618.44
-617.19
-616.04
-615.22
-614.91
-615.32
-616.61
-618.95
-622.47
-627.23
-633.25
-640.44
-648.63
-657.65
-667.28
-677.35
-687.79
-698.57
-709.69
-721.11
-732.78
-744.67
-756.71
-768.81
-780.80
-792.47
-803.60
-813.94
-823.32
-831.58
-838.52
-843.97
-847.68
-849.43
-848.93
-845.91
-840.09
-831.25
-819.26
-804.00
-785.39
-763.37
-738.01
-709.47
-678.02
-644.07
-608.14
-570.82
-532.83
-494.88
-457.65
-421.66
-387.28
-354.72
-324.15
-295.64
-269.24
-244.96
-222.80
-202.74
-184.79
-168.93
-155.16
-143.44
-133.68
-125.81
-119.71
-115.27
-112.37
-110.91
-110.76
-111.81
-113.87
-116.78
-120.33
-124.26
-128.35
-132.37
-136.13
-139.46
-142.22
-144.36
-145.86
-146.75
-147.09
-146.95
-146.45
-145.73
-144.95
-144.27
-143.84
-143.77
-144.15
-145.01
-146.33
-148.08
-150.17
-152.50
-154.95
-157.42
-159.81
-162.03
-164.03
-165.76
-167.22
-168.40
-169.28
-169.86
-170.14
-170.11
-169.79
-169.17
-168.29
-167.15
-165.78
-164.19
-162.38
-160.36
-158.14
-155.77
-153.25
-150.63
-147.93
-145.22
-142.54
-139.94
-137.45
-135.11
-132.91
-130.90
-129.08
-127.46
-126.07
-124.91
-124.02
-123.43
-123.18
-123.27
-123.76
-124.64
-125.95
-127.70
-129.90
-132.56
-135.69
-139.27
-143.30
-147.73
-152.56
-157.72
-163.15
-168.73
-174.29
-179.67
-184.66
-189.08
-192.72
-195.43
-197.06
-197.54
-196.80
-194.84
-191.67
-187.33
-181.91
-175.50
-168.22
-160.24
-151.74
-142.91
-133.88
-124.81
-115.84
-107.07
-98.60
-90.47
-82.70
-75.31
-68.26
-61.54
-55.11
-48.93
-43.00
-37.30
-31.84
-26.64
-21.75
-17.23
-13.15
-9.58
-6.58
-4.22
-2.57
-1.66
-1.56
-2.34
-4.08
-6.88
-10.86
-16.14
-22.87
-31.19
-41.24
-53.14
-67.02
-82.96
-101.04
-121.27
-143.56
-167.73
-193.50
-220.47
-248.15
-276.02
-303.49
-330.03
-355.13
-378.39
-399.49
-418.15
-434.13
-447.19
-457.21
-464.17
-468.13
-469.29
-467.92
-464.35
-458.89
-451.90
-443.72
-434.64
-424.97
-414.93
-404.72
-394.47
-384.27
-374.16
-364.19
-354.40
-344.79
-335.39
-326.19
-317.18
-308.35
-299.68
-291.22
-283.02
-275.14
-267.67
-260.72
-254.43
-248.90
-244.21
-240.37
-237.36
-235.09
-233.48
-232.39
-231.76
-231.54
-231.74
-232.35
-233.35
-234.65
-236.15
-237.68
-239.02
-239.95
-240.24
-239.75
-238.37
-236.10
-232.92
-228.90
-224.06
-218.46
-212.16
-205.25
-197.85
-190.12
-182.25
-174.43
-166.85
-159.67
-152.97
-146.80
-141.16
-135.98
-131.20
-126.78
-122.67
-118.83
-115.22
-111.79
-108.53
-105.39
-102.33
-99.34
-96.39
-93.49
-90.67
-88.05
-85.78
-84.06
-83.07
-82.97
-83.89
-85.90
-89.01
-93.15
-98.22
-104.07
-110.53
-117.41
-124.58
-131.93
-139.38
-146.85
-154.24
-161.41
-168.24
-174.63
-180.48
-185.78
-190.52
-194.76
-198.56
-202.00
-205.15
-208.02
-210.60
-212.86
-214.69
-215.93
-216.42
-216.01
-214.56
-211.97
-208.16
-203.06
-196.64
-188.96
-180.15
-170.43
-160.09
-149.45
-138.82
-128.47
-118.61
-109.37
-100.82
-92.96
-85.75
-79.12
-73.01
-67.39
-62.22
-57.47
-53.10
-49.07
-45.33
-41.83
-38.52
-35.37
-32.34
-29.41
-26.55
-23.76
-21.06
-18.46
-16.00
-13.69
-11.56
-9.61
-7.81
-6.15
-4.59
-3.11
-1.68
-0.27
1.14
2.55
3.97
5.37
6.71
7.98
9.12
10.12
10.96
11.62
12.10
12.41
12.56
12.55
12.39
12.12
11.74
11.27
10.76
10.21
9.64
9.08
8.53
8.00
7.51
7.05
6.63
6.25
5.90
5.59
5.29
4.99
4.70
4.38
4.04
3.65
3.21
2.69
2.08
1.38
0.56
-0.36
-1.40
-2.58
-3.90
-5.41
-7.12
-9.08
-11.28
-13.73
-16.42
-19.31
-22.31
-25.33
-28.29
-31.10
-33.68
-36.00
-38.03
-39.78
-41.30
-42.62
-43.84
-45.05
-46.34
-47.82
-49.59
-51.71
-54.24
-57.18
-60.52
-64.27
-68.40
-72.89
-77.68
-82.75
-88.02
-93.42
-98.90
-104.40
-109.90
-115.34
-120.70
-125.98
-131.16
-136.21
-141.12
-145.89
-150.49
-154.90
-159.09
-163.00
-166.54
-169.66
-172.32
-174.48
-176.08
-177.07
-177.43
-177.11
-176.12
-174.47
-172.20
-169.33
-165.89
-161.88
-157.37
-152.39
-147.02
-141.33
-135.44
-129.48
-123.64
-118.08
-113.00
-108.59
-105.03
-102.44
-100.92
-100.53
-101.30
-103.19
-106.15
-110.08
-114.89
-120.45
-126.62
-133.28
-140.32
-147.61
-155.07
-162.60
-170.17
-177.75
-185.32
-192.85
-200.31
-207.72
-215.09
-222.46
-229.89
-237.46
-245.23
-253.29
-261.70
-270.52
-279.79
-289.51
-299.68
-310.20
-320.92
-331.61
-341.98
-351.76
-360.68
-368.52
-375.14
-380.47
-384.55
-387.42
-389.22
-390.11
-390.30
-390.01
-389.47
-388.87
-388.37
-388.14
-388.29
-388.91
-390.09
-391.86
-394.23
-397.19
-400.70
-404.70
-409.10
-413.78
-418.60
-423.39
-428.00
-432.24
-435.94
-438.93
-441.07
-442.21
-442.23
-441.03
-438.54
-434.73
-429.59
-423.17
-415.54
-406.80
-397.08
-386.57
-375.46
-363.99
-352.40
-340.91
-329.70
-318.95
-308.82
-299.45
-290.94
-283.37
