-369.95
-366.11
-361.63
-356.39
-350.26
-343.09
-334.82
-325.50
-315.28
-304.40
-293.10
-281.63
-270.23
-259.11
-248.40
-238.24
-228.71
-219.85
-211.69
-204.27
-197.60
-191.72
-186.65
-182.38
-178.89
-176.11
-173.92
-172.18
-170.72
-169.36
-167.94
-166.36
-164.53
-162.48
-160.23
-157.86
-155.45
-153.07
-150.74
-148.46
-146.17
-143.81
-141.30
-138.60
-135.70
-132.61
-129.37
-126.00
-122.53
-118.97
-115.34
-111.63
-107.88
-104.12
-100.37
-96.70
-93.13
-89.75
-86.57
-83.67
-81.09
-78.86
-76.97
-75.41
-74.09
-72.89
-71.72
-70.45
-69.00
-67.31
-65.32
-63.02
-60.39
-57.45
-54.19
-50.66
-46.91
-42.98
-38.97
-34.95
-31.00
-27.22
-23.68
-20.45
-17.54
-14.97
-12.69
-10.65
-8.80
-7.09
-5.47
-3.91
-2.38
-0.86
0.67
2.19
3.71
5.19
6.63
7.99
9.25
10.41
11.44
12.34
13.09
13.71
14.17
14.48
14.64
14.67
14.61
14.46
14.27
14.09
13.94
13.86
13.87
13.97
14.18
14.44
14.74
15.04
15.29
15.47
15.58
15.61
15.57
15.48
15.33
15.15
14.94
14.71
14.44
14.16
13.85
13.53
13.20
12.87
12.53
12.18
11.80
11.38
10.90
10.37
9.76
9.11
8.42
7.71
7.01
6.36
5.75
5.22
4.76
4.37
4.03
3.77
3.57
3.47
3.47
3.59
3.81
4.11
4.45
4.79
5.09
5.31
5.43
5.45
5.36
5.16
4.85
4.42
3.84
3.11
2.23
1.17
-0.03
-1.36
-2.77
-4.21
-5.64
-7.00
-8.29
-9.48
-10.59
-11.62
-12.59
-13.49
-14.32
-15.06
-15.70
-16.27
-16.75
-17.18
-17.57
-17.92
-18.26
-18.60
-18.95
-19.28
-19.56
-19.74
-19.79
-19.68
-19.39
-18.91
-18.25
-17.42
-16.45
-15.35
-14.16
-12.91
-11.63
-10.34
-9.08
-7.89
-6.80
-5.87
-5.16
-4.69
-4.52
-4.66
-5.10
-5.83
-6.80
-7.95
-9.23
-10.55
-11.84
-13.04
-14.11
-15.03
-15.79
-16.42
-16.92
-17.32
-17.65
-17.93
-18.21
-18.51
-18.87
-19.34
-19.92
-20.59
-21.37
-22.19
-23.03
-23.83
-24.55
-25.13
-25.55
-25.78
-25.80
-25.64
-25.33
-24.89
-24.39
-23.89
-23.41
-23.01
-22.70
-22.46
-22.26
-22.06
-21.79
-21.38
-20.77
-19.92
-18.79
-17.35
-15.62
-13.63
-11.45
-9.17
-6.85
-4.58
-2.42
-0.39
1.46
3.13
4.60
5.88
6.99
7.93
8.74
9.43
10.02
10.54
11.00
11.41
11.78
12.10
12.33
12.47
12.51
12.42
12.24
11.96
11.61
11.20
10.76
10.31
9.85
9.38
8.90
8.40
7.89
7.35
6.80
6.25
5.72
5.24
4.83
4.52
4.31
4.22
4.21
4.28
4.40
4.54
4.66
4.73
4.72
4.60
4.36
4.00
3.52
2.92
2.24
1.51
0.75
0.01
-0.72
-1.41
-2.06
-2.68
-3.27
-3.86
-4.46
-5.11
-5.86
-6.78
-7.93
-9.37
-11.15
-13.29
-15.78
-18.59
-21.67
-24.95
-28.35
-31.81
-35.27
-38.70
-42.10
-45.49
-48.89
-52.30
-55.68
-58.98
-62.12
-65.02
-67.65
-70.02
-72.20
-74.29
-76.43
-78.77
-81.45
-84.52
-88.00
-91.82
-95.85
-99.95
-104.02
-107.96
-111.77
-115.47
-119.10
-122.75
-126.47
-130.30
-134.21
-138.14
-142.00
-145.72
-149.22
-152.47
-155.45
-158.19
-160.72
-163.14
-165.51
-167.96
-170.59
-173.49
-176.75
-180.42
-184.49
-188.89
-193.51
-198.14
-202.54
-206.47
-209.66
-211.93
-213.10
-213.10
-211.90
-209.52
-206.08
-201.78
-196.94
-191.88
-186.92
-182.35
-178.32
-174.89
-172.05
-169.67
-167.61
-165.68
-163.69
-161.48
-158.90
-155.90
-152.48
-148.75
-144.82
-140.86
-137.05
-133.51
-130.37
-127.68
-125.48
-123.78
-122.53
-121.72
-121.27
-121.12
-121.19
-121.42
-121.77
-122.25
-122.88
-123.71
-124.83
-126.31
-128.21
-130.59
-133.44
-136.74
-140.46
-144.56
-149.05
-153.92
-159.17
-164.83
-170.90
-177.38
-184.28
-191.58
-199.27
-207.32
-215.69
-224.32
-233.11
-241.97
-250.76
-259.39
-267.77
-275.87
-283.70
-291.33
-298.87
-306.53
-314.54
-323.19
-332.76
-343.54
-355.82
-369.85
-385.82
-403.87
-424.06
-446.39
-470.75
-496.98
-524.83
-553.96
-584.00
-614.55
-645.20
-675.61
-705.47
-734.58
-762.77
-790.02
-816.45
-842.30
-867.97
-893.97
-920.85
-949.11
-979.14
-1011.11
-1044.95
-1080.40
-1117.11
-1154.80
-1193.28
-1232.49
-1272.46
-1313.21
-1354.70
-1396.67
-1438.69
-1480.11
-1520.26
-1558.51
-1594.48
-1628.06
-1659.38
-1688.69
-1716.25
-1742.16
-1766.34
-1788.59
-1808.64
-1826.19
-1840.95
-1852.63
-1860.97
-1865.75
-1866.89
-1864.50
-1858.93
-1850.73
-1840.59
-1829.23
-1817.31
-1805.50
-1794.42
-1784.62
-1776.52
-1770.36
-1766.26
-1764.28
-1764.54
-1767.24
-1772.67
-1781.10
-1792.71
-1807.52
-1825.41
-1846.09
-1869.21
-1894.41
-1921.39
-1950.05
-1980.58
-2013.34
-2048.81
-2087.42
-2129.45
-2174.88
-2223.32
-2274.03
-2326.22
-2379.34
-2433.24
-2488.27
-2545.13
-2604.53
-2666.89
-2732.11
-2799.57
-2868.37
-2937.56
-3006.45
-3074.84
-3143.09
-3212.19
-3283.58
-3358.89
-3439.65
-3526.92
-3620.95
-3721.01
-3825.38
-3931.70
-4037.30
-4139.52
-4236.03
-4325.07
-4405.35
-4475.97
-4536.35
-4586.00
-4624.62
-4652.28
-4669.52
-4677.52
-4677.96
-4672.85
-4664.15
-4653.34
-4641.16
-4627.54
-4611.75
-4592.64
-4568.87
-4539.06
-4502.13
-4457.68
-4406.08
-4348.16
-4284.95
-4217.29
-4145.72
-4070.63
-3992.50
-3912.14
-3830.70
-3749.52
-3669.90
-3593.10
-3520.14
-3451.84
-3388.83
-3331.56
-3280.46
-3235.92
-3197.74
-3165.06
-3136.36
-3109.70
-3083.03
-3054.60
-3023.25
-2988.61
-2951.06
-2911.74
-2872.17
-2834.08
-2799.08
-2768.51
-2743.30
-2723.72
-2709.56
-2700.14
-2694.56
-2691.73
-2690.67
-2690.46
-2690.35
-2689.59
-2687.57
-2683.52
-2676.66
-2666.15
-2651.20
-2631.18
-2605.80
-2575.19
-2539.87
-2500.71
-2458.70
-2414.82
-2369.87
-2324.39
-2278.72
-2233.04
-2187.40
-2141.85
-2096.49
-2051.39
-2006.53
-1961.86
-1917.22
-1872.51
-1827.67
-1782.73
-1737.80
-1693.12
-1648.95
-1605.64
-1563.61
-1523.37
-1485.37
-1449.84
-1416.65
-1385.36
-1355.24
-1325.45
-1295.17
-1263.78
-1230.88
-1196.37
-1160.38
-1123.16
-1084.99
-1046.09
-1006.67
-966.89
-926.92
-886.90
-847.00
-807.44
-768.55
-730.76
-694.55
-660.37
-628.55
-599.26
-572.52
-548.22
-526.20
-506.31
-488.43
-472.49
-458.38
-445.96
-434.97
-425.10
-416.01
-407.39
-398.97
-390.63
-382.32
-374.06
-365.95
-358.08
-350.53
-343.33
-336.45
-329.80
-323.25
-316.63
-309.77
-302.51
-294.73
-286.40
-277.57
-268.43
-259.21
-250.23
-241.74
-233.96
-226.97
-220.82
-215.45
-210.81
-206.84
-203.48
-200.70
-198.48
-196.74
-195.37
-194.22
-193.09
-191.77
-190.07
-187.87
-185.15
-182.00
-178.58
-175.09
-171.78
-168.85
-166.44
-164.68
-163.64
-163.39
-163.94
-165.31
-167.46
-170.32
-173.82
-177.82
-182.22
-186.87
-191.63
-196.33
-200.84
-205.05
-208.89
-212.32
-215.35
-218.02
-220.40
-222.58
-224.62
-226.60
-228.55
-230.52
-232.50
-234.51
-236.56
-238.63
-240.68
-242.62
-244.37
-245.81
-246.84
-247.34
-247.20
-246.33
-244.64
-242.12
-238.77
-234.63
-229.84
-224.51
-218.79
-212.83
-206.70
-200.45
-194.03
-187.38
-180.43
-173.12
-165.41
-157.31
-148.86
-140.15
-131.31
-122.49
-113.83
-105.50
-97.60
-90.22
-83.38
-77.07
-71.27
-65.98
-61.15
-56.80
-52.92
-49.51
-46.54
-43.96
-41.69
-39.63
-37.69
-35.77
-33.79
-31.68
-29.38
-26.86
-24.09
-21.08
-17.87
-14.47
-10.95
-7.38
-3.85
-0.48
2.64
5.44
7.89
10.01
11.84
13.44
14.85
16.10
17.23
18.23
19.10
19.81
20.31
20.60
20.67
20.52
20.17
19.65
18.98
18.18
17.29
16.34
15.35
14.35
13.38
12.47
11.67
10.98
10.42
9.99
9.68
9.48
9.39
9.40
9.51
9.71
10.00
10.34
10.71
11.07
11.39
11.62
11.74
11.71
11.54
11.25
10.83
10.33
9.74
9.09
8.36
7.57
6.68
5.70
4.62
3.45
2.18
0.83
-0.56
-1.97
-3.36
-4.69
-5.93
-7.05
-8.03
-8.88
-9.60
-10.18
-10.62
-10.92
-11.08
-11.09
-10.98
-10.75
-10.43
-10.04
-9.61
-9.18
-8.79
-8.47
-8.27
-8.24
-8.40
-8.78
-9.39
-10.25
-11.37
-12.76
-14.42
-16.34
-18.50
-20.85
-23.32
-25.83
-28.29
-30.65
-32.85
-34.91
-36.83
-38.67
-40.49
-42.35
-44.27
-46.28
-48.36
-50.47
-52.58
-54.61
-56.52
-58.28
-59.86
-61.25
-62.44
-63.41
-64.17
-64.71
-65.02
-65.11
-65.00
-64.73
-64.31
-63.80
-63.24
-62.64
-62.03
-61.41
-60.80
-60.20
-59.64
-59.15
-58.74
-58.45
-58.29
-58.25
-58.33
-58.50
-58.74
-59.05
-59.41
-59.86
-60.40
-61.11
-62.03
-63.23
-64.75
-66.61
-68.79
-71.24
-73.86
-76.50
-79.02
-81.25
-83.08
-84.45
-85.36
-85.85
-86.00
-85.88
-85.60
-85.20
-84.73
-84.21
-83.65
-83.08
-82.50
-81.91
-81.31
-80.67
-79.94
-79.05
-77.90
-76.42
-74.52
-72.16
-69.35
-66.12
-62.58
-58.82
-54.99
-51.22
-47.62
-44.28
-41.27
-38.62
-36.33
-34.38
-32.74
-31.38
-30.24
-29.31
-28.56
-27.98
-27.53
-27.20
-26.95
-26.79
-26.69
-26.67
-26.72
-26.87
-27.13
-27.54
-28.11
-28.90
-29.91
-31.16
-32.66
-34.43
-36.46
-38.77
-41.34
-44.19
-47.30
-50.64
-54.14
-57.70
-61.15
-64.31
-66.98
-69.03
-70.35
-70.96
-70.93
-70.42
-69.59
-68.62
-67.63
-66.70
-65.84
-65.02
-64.19
-63.29
-62.29
-61.19
-60.00
-58.75
-57.49
-56.24
-55.03
-53.86
-52.71
-51.57
-50.41
-49.21
-47.96
-46.65
-45.31
-43.96
-42.64
-41.40
-40.28
-39.30
-38.47
-37.77
-37.19
-36.70
-36.29
-35.96
-35.70
-35.52
-35.42
-35.39
-35.42
-35.52
-35.69
-35.96
-36.32
-36.82
-37.48
-38.31
-39.33
-40.54
-41.88
-43.28
-44.64
-45.84
-46.77
-47.34
-47.47
-47.13
-46.33
-45.09
-43.49
-41.60
-39.52
-37.31
-35.06
-32.82
-30.64
-28.54
-26.56
-24.70
-22.98
-21.42
-20.02
-18.78
-17.72
-16.84
-16.13
-15.59
-15.23
-15.02
-14.95
-15.02
-15.21
-15.53
-15.99
-16.58
-17.32
-18.20
-19.23
-20.44
-21.85
-23.49
-25.38
-27.51
-29.86
-32.37
-34.98
-37.57
-40.06
-42.37
-44.40
-46.13
-47.54
-48.63
-49.48
-50.13
-50.69
-51.20
-51.71
-52.26
-52.86
-53.52
-54.22
-54.91
-55.51
-55.90
-55.96
-55.54
-54.54
-52.87
-50.49
-47.44
-43.80
-39.73
-35.41
-31.06
-26.89
-23.06
-19.69
-16.86
-14.58
-12.86
-11.67
-10.95
-10.65
-10.71
-11.05
-11.60
-12.27
-12.99
-13.69
-14.28
-14.70
-14.87
-14.75
-14.28
-13.46
-12.28
-10.79
-9.06
-7.17
-5.25
-3.38
-1.67
-0.19
1.01
1.92
2.54
2.88
2.97
2.83
2.53
2.10
1.62
1.15
0.74
0.41
0.19
0.07
0.07
0.22
0.53
1.08
1.87
2.94
4.26
5.80
7.50
9.30
11.14
12.94
14.66
16.23
17.61
18.76
19.67
20.33
20.74
20.90
20.81
20.49
19.93
19.16
18.17
17.00
15.67
14.21
12.65
11.02
9.34
7.64
5.92
4.22
2.55
0.93
-0.58
-1.96
-3.15
-4.15
-4.96
-5.61
-6.20
-6.81
-7.55
-8.51
-9.78
-11.42
-13.44
-15.79
-18.35
-20.94
-23.35
-25.35
-26.76
-27.51
-27.56
-27.00
-25.94
-24.55
-23.00
-21.48
-20.15
-19.11
-18.44
-18.13
-18.17
-18.52
-19.14
-19.98
-20.98
-22.07
-23.17
-24.22
-25.18
-26.07
-26.90
-27.76
-28.73
-29.92
-31.37
-33.15
-35.31
-37.90
-40.96
-44.52
-48.65
-53.35
-58.68
-64.61
-71.12
-78.16
-85.60
-93.25
-100.88
-108.25
-115.11
-121.23
-126.43
-130.55
-133.51
-135.30
-136.02
-135.84
-135.00
-133.76
-132.36
-130.98
-129.80
-128.93
-128.48
-128.50
-129.07
-130.20
-131.90
-134.11
-136.71
-139.53
-142.34
-144.91
-147.05
-148.61
-149.57
-149.96
-149.85
-149.38
-148.67
-147.85
-147.02
-146.24
-145.54
-144.93
-144.44
-144.11
-144.05
-144.38
-145.25
-146.76
-149.01
-152.07
-155.97
-160.64
-166.01
-171.96
-178.36
-185.09
-192.02
-199.05
-206.08
-213.03
-219.78
-226.24
-232.33
-238.01
-243.33
-248.39
-253.30
-258.22
-263.24
-268.47
-273.96
-279.69
-285.61
-291.60
-297.56
-303.38
-308.97
-314.26
-319.22
-323.83
-328.10
-332.07
-335.77
-339.18
-342.28
-345.01
-347.34
-349.24
-350.72
-351.83
-352.61
-353.08
-353.24
-353.05
-352.43
-351.32
-349.62
-347.28
-344.29
-340.66
-336.40
-331.52
-326.08
-320.12
-313.73
-307.01
-300.08
-293.03
-285.93
-278.81
-271.70
-264.64
-257.69
-250.87
-244.22
-237.75
-231.45
-225.27
-219.14
-212.99
-206.75
-200.35
-193.75
-186.87
-179.68
-172.12
-164.16
-155.82
-147.18
-138.35
-129.46
-120.64
-112.05
-103.84
-96.14
-89.10
-82.80
-77.32
-72.67
-68.85
-65.79
-63.40
-61.55
-60.13
-58.97
-57.95
-56.94
-55.83
-54.56
-53.12
-51.53
-49.83
-48.09
-46.36
-44.68
-43.09
-41.61
-40.28
-39.15
-38.32
-37.88
-37.96
-38.65
-40.02
-42.11
-44.94
-48.50
-52.74
-57.57
-62.93
-68.73
-74.88
-81.32
-87.96
-94.74
-101.56
-108.32
-114.92
-121.31
-127.42
-133.27
-138.87
-144.24
-149.42
-154.37
-159.06
-163.41
-167.33
-170.74
-173.57
-175.77
-177.34
-178.35
-178.87
-179.00
-178.83
-178.43
-177.79
-176.90
-175.73
-174.26
-172.47
-170.37
-167.96
-165.28
-162.31
-159.08
-155.59
-151.84
-147.80
-143.44
-138.77
-133.82
-128.63
-123.27
-117.87
-112.51
-107.30
-102.32
-97.65
-93.36
-89.45
-85.94
-82.79
-79.98
-77.44
-75.16
-73.12
-71.31
-69.71
-68.29
-67.01
-65.82
-64.68
-63.51
-62.23
-60.75
-58.98
-56.84
-54.28
-51.32
-47.96
-44.24
-40.25
-36.06
-31.74
-27.34
-22.92
-18.51
-14.15
-9.87
-5.73
-1.78
1.89
5.23
8.17
10.68
12.72
14.32
15.49
16.27
16.69
16.81
16.67
16.31
15.76
15.07
14.25
13.32
12.28
11.14
9.91
8.64
7.39
6.25
5.30
4.65
4.34
4.40
4.80
5.52
6.49
7.68
9.04
10.55
12.14
13.78
15.40
16.96
18.37
19.57
20.48
21.04
21.22
21.01
20.41
19.43
18.09
16.39
14.34
11.94
9.18
6.09
2.67
-1.08
-5.17
-9.59
-14.35
-19.45
-24.86
-30.54
-36.47
-42.61
-48.91
-55.34
-61.85
-68.37
-74.87
-81.26
-87.46
-93.34
-98.77
-103.62
-107.77
-111.12
-113.58
-115.12
-115.77
-115.56
-114.60
-112.98
-110.83
-108.30
-105.51
-102.62
-99.74
-96.97
-94.36
-91.91
-89.58
-87.31
-85.02
-82.59
-79.93
-76.95
-73.62
-69.93
-65.97
-61.84
-57.69
-53.68
-49.92
-46.50
-43.45
-40.73
-38.30
-36.10
-34.08
-32.19
-30.38
-28.62
-26.90
-25.20
-23.52
-21.88
-20.29
-18.79
-17.41
-16.17
-15.09
-14.19
-13.45
-12.85
-12.34
-11.87
-11.41
-10.89
-10.30
-9.62
-8.87
-8.06
-7.22
-6.38
-5.58
-4.83
-4.15
-3.55
-3.05
-2.64
-2.33
-2.10
-1.97
-1.92
-1.92
-1.98
-2.07
-2.20
-2.37
-2.59
-2.89
-3.27
-3.74
-4.33
-5.04
-5.86
-6.80
-7.84
-8.97
-10.15
-11.38
-12.63
-13.90
-15.20
-16.54
-17.93
-19.41
-21.03
-22.81
-24.81
-27.06
-29.61
-32.47
-35.66
-39.18
-43.04
-47.26
-51.87
-56.89
-62.35
-68.28
-74.69
-81.56
-88.83
-96.40
-104.16
-111.97
-119.71
-127.29
-134.62
-141.66
-148.36
-154.73
-160.75
-166.42
-171.75
-176.71
-181.33
-185.60
-189.54
-193.17
-196.51
-199.54
-202.21
-204.40
-205.96
-206.72
-206.55
-205.33
-202.97
-199.48
-194.88
-189.29
-182.86
-175.76
-168.18
-160.30
-152.29
-144.28
-136.35
-128.59
-121.00
-113.57
-106.29
-99.09
-91.93
-84.79
-77.65
-70.55
-63.51
-56.61
-49.91
-43.49
-37.44
-31.83
-26.76
-22.29
-18.49
-15.41
-13.07
-11.47
-10.58
-10.36
-10.74
-11.64
-12.98
-14.65
-16.57
-18.66
-20.84
-23.07
-25.31
-27.54
-29.74
-31.89
-34.01
-36.11
-38.21
-40.37
-42.61
-44.97
-47.47
-50.15
-52.99
-55.95
-58.96
-61.93
-64.79
-67.47
-69.91
-72.13
-74.15
-76.06
-77.91
-79.78
-81.70
-83.69
-85.76
-87.86
-89.96
-92.01
-93.95
-95.79
-97.51
-99.13
-100.69
-102.19
-103.67
-105.15
-106.64
-108.13
-109.61
-111.05
-112.44
-113.73
-114.92
-115.97
-116.89
-117.66
-118.25
-118.62
-118.72
-118.49
-117.83
-116.70
-115.02
-112.76
-109.92
-106.51
-102.59
-98.27
-93.66
-88.91
-84.18
-79.63
-75.39
-71.59
-68.34
-65.70
-63.71
-62.36
-61.62
-61.44
-61.77
-62.56
-63.78
-65.39
-67.37
-69.72
-72.38
-75.32
-78.46
-81.71
-85.00
-88.22
-91.30
-94.15
-96.68
-98.81
-100.48
-101.66
-102.33
-102.53
-102.30
-101.71
-100.84
-99.78
-98.60
-97.33
-96.01
-94.61
-93.09
-91.41
-89.51
-87.33
-84.83
-81.99
-78.77
-75.16
-71.16
-66.80
-62.14
-57.28
-52.33
-47.43
-42.70
-38.27
-34.23
-30.61
-27.43
-24.65
-22.20
-20.02
-18.03
-16.20
-14.53
-13.09
-11.93
-11.11
-10.72
-10.79
-11.37
-12.43
-13.93
-15.80
-17.95
-20.26
-22.61
-24.90
-27.07
-29.11
-31.04
-32.92
-34.85
-36.95
-39.34
-42.10
-45.29
-48.95
-53.07
-57.66
-62.70
-68.13
-73.88
-79.88
-86.03
-92.30
-98.64
-104.99
-111.32
-117.59
-123.77
-129.88
-135.94
-142.00
-148.11
-154.32
-160.66
-167.12
-173.65
-180.19
-186.60
-192.74
-198.41
-203.42
-207.54
-210.58
-212.40
-212.93
-212.14
-210.10
-206.94
-202.85
-198.07
-192.86
-187.47
-182.13
-177.01
-172.22
-167.83
-163.82
-160.16
-156.78
-153.63
-150.63
-147.77
-145.02
-142.41
-139.99
-137.83
-135.95
-134.41
-133.24
-132.44
-132.01
-131.95
-132.24
-132.86
-133.79
-135.05
-136.69
-138.78
-141.41
-144.71
-148.78
-153.68
-159.46
-166.04
-173.28
-180.98
-188.82
-196.48
-203.59
-209.83
-214.95
-218.75
-221.13
-222.11
-221.78
-220.33
-218.03
-215.15
-212.01
-208.88
-205.99
-203.51
-201.49
-199.92
-198.65
-197.49
-196.19
-194.51
-192.26
-189.30
-185.56
-181.05
-175.85
-170.08
-163.86
-157.33
-150.63
-143.89
-137.27
-130.89
-124.87
-119.35
-114.39
-110.07
-106.41
-103.45
-101.15
-99.47
-98.37
-97.76
-97.55
-97.63
-97.89
-98.24
-98.63
-99.01
-99.41
-99.87
-100.43
-101.18
-102.15
-103.43
-105.05
-107.05
-109.42
-112.14
-115.15
-118.35
-121.60
-124.74
-127.54
-129.77
-131.22
-131.72
-131.14
-129.42
-126.54
-122.55
-117.50
-111.52
-104.75
-97.35
-89.47
-81.28
-72.89
-64.47
-56.13
-48.02
-40.23
-32.87
-25.97
-19.58
-13.71
-8.36
-3.53
0.81
4.69
8.15
11.25
14.02
16.54
18.82
20.90
22.77
24.45
25.91
27.18
28.26
29.17
29.96
30.67
31.35
32.05
32.79
33.60
34.49
35.48
36.56
37.71
38.92
40.12
41.26
42.28
43.11
43.73
44.16
44.42
44.58
44.72
44.90
45.17
45.50
45.87
46.21
46.43
46.49
46.31
45.89
45.24
44.41
43.47
42.48
41.49
40.53
39.55
38.50
37.29
35.85
34.14
32.15
29.89
27.46
24.93
22.40
19.97
17.71
15.69
13.95
12.51
11.38
10.54
9.95
9.53
9.20
8.82
8.30
7.55
6.56
5.36
4.04
2.70
1.45
0.40
-0.40
-0.92
-1.15
-1.09
-0.76
-0.18
0.62
1.62
2.78
4.06
5.42
6.79
8.11
9.33
10.42
11.33
12.06
12.59
12.94
13.12
13.16
13.07
12.86
12.55
12.16
11.69
11.18
10.64
10.10
9.58
9.10
8.68
8.32
8.02
7.76
7.55
7.36
7.18
7.01
6.83
6.63
6.41
6.15
5.84
5.51
5.15
4.79
4.44
4.14
3.91
3.77
3.72
3.78
3.92
4.13
4.36
4.61
4.83
5.02
5.18
5.31
5.43
5.55
5.68
5.85
6.04
6.26
6.51
6.76
7.03
7.30
7.55
7.79
7.99
8.15
8.27
8.35
8.41
8.48
8.57
8.70
8.86
9.08
9.32
9.59
9.87
10.16
10.43
10.68
10.92
11.13
11.30
11.44
11.54
11.59
11.60
11.56
11.44
11.25
10.96
10.56
10.04
9.40
8.65
7.81
6.88
5.89
4.87
3.85
2.84
1.86
0.94
0.08
-0.70
-1.41
-2.04
-2.59
-3.06
-3.49
-3.86
-4.20
-4.53
-4.86
-5.20
-5.55
-5.91
-6.25
-6.55
-6.77
-6.85
-6.76
-6.46
-5.94
-5.19
-4.25
-3.14
-1.90
-0.59
0.76
2.09
3.35
4.53
5.61
6.57
7.42
8.16
8.80
9.35
9.85
10.28
10.66
11.00
11.29
11.55
11.79
11.99
12.18
12.35
12.50
12.62
12.71
12.74
12.70
12.57
12.33
11.96
11.44
10.76
9.89
8.84
7.59
6.17
4.59
2.88
1.07
-0.82
-2.75
-4.70
-6.66
-8.60
-10.52
-12.39
-14.23
-16.01
-17.71
-19.32
-20.82
-22.18
-23.36
-24.31
-25.00
-25.40
-25.50
-25.29
-24.82
-24.11
-23.25
-22.31
-21.38
-20.54
-19.84
-19.35
-19.09
-19.12
-19.43
-20.05
-20.99
-22.24
-23.81
-25.69
-27.89
-30.40
-33.20
-36.28
-39.60
-43.10
-46.73
-50.44
-54.16
-57.85
-61.46
-64.97
-68.35
-71.61
-74.74
-77.71
-80.51
-83.13
-85.61
-88.01
-90.37
-92.77
-95.27
-97.99
-101.00
-104.38
-108.17
-112.38
-116.98
-121.95
-127.21
-132.62
-138.01
-143.17
-147.88
-151.94
-155.20
-157.52
-158.82
-159.04
-158.17
-156.23
-153.30
-149.46
-144.83
-139.56
-133.78
-127.64
-121.28
-114.85
-108.45
-102.19
-96.11
-90.25
-84.64
-79.29
-74.20
-69.42
-64.95
-60.81
-57.01
-53.55
-50.43
-47.65
-45.19
-43.03
-41.15
-39.50
-38.06
-36.79
-35.69
-34.74
-33.90
-33.17
-32.54
-32.00
-31.54
-31.17
-30.89
-30.73
-30.69
-30.80
-31.07
-31.49
-32.06
-32.76
-33.58
-34.46
-35.38
-36.29
-37.16
-37.96
-38.65
-39.22
-39.66
-39.96
-40.12
-40.18
-40.17
-40.10
-40.04
-40.03
-40.12
-40.36
-40.80
-41.45
-42.35
-43.49
-44.87
-46.49
-48.31
-50.31
-52.46
-54.74
-57.13
-59.60
-62.12
-64.66
-67.22
-69.75
-72.23
-74.63
-76.92
-79.07
-81.04
-82.83
-84.41
-85.76
-86.87
-87.74
-88.35
-88.74
-88.90
-88.88
-88.72
-88.49
-88.27
-88.15
-88.18
-88.44
-88.95
-89.73
-90.79
-92.08
-93.53
-95.04
-96.46
-97.64
-98.43
-98.72
-98.42
-97.50
-95.97
-93.89
-91.34
-88.43
-85.26
-81.94
-78.57
-75.24
-72.03
-68.99
-66.18
-63.63
-61.37
-59.41
-57.74
-56.36
-55.23
-54.32
-53.59
-53.01
-52.53
-52.13
-51.78
-51.45
-51.10
-50.72
-50.26
-49.68
-48.97
-48.08
-47.00
-45.72
-44.22
-42.53
-40.68
-38.69
-36.60
-34.46
-32.31
-30.20
-28.19
-26.33
-24.66
-23.23
-22.06
-21.16
-20.52
-20.08
-19.80
-19.58
-19.36
-19.06
-18.63
-18.03
-17.27
-16.37
-15.37
-14.33
-13.31
-12.38
-11.60
-10.99
-10.54
-10.25
-10.07
-9.93
-9.80
-9.60
-9.29
-8.83
-8.18
-7.34
-6.36
-5.28
-4.16
-3.06
-2.05
-1.17
-0.50
-0.09
-0.02
-0.34
-1.11
-2.39
-4.21
-6.63
-9.65
-13.32
-17.63
-22.58
-28.17
-34.40
-41.29
-48.86
-57.14
-66.09
-75.68
-85.82
-96.37
-107.15
-117.93
-128.47
-138.57
-148.06
-156.83
-164.84
-172.15
-178.86
-185.14
-191.18
-197.16
-203.19
-209.34
-215.63
-222.02
-228.38
-234.53
-240.23
-245.23
-249.26
-252.11
-253.62
-253.67
-252.26
-249.46
-245.41
-240.30
-234.41
-228.03
-221.42
-214.84
-208.47
-202.49
-196.98
-192.01
-187.57
-183.60
-180.05
-176.82
-173.83
-171.03
-168.33
-165.70
-163.12
-160.58
-158.11
-155.76
-153.54
-151.53
-149.80
-148.38
-147.34
-146.67
-146.40
-146.48
-146.91
-147.63
-148.62
-149.83
-151.22
-152.74
-154.35
-155.99
-157.64
-159.29
-160.96
-162.66
-164.37
-166.09
-167.80
-169.53
-171.24
-172.92
-174.56
-176.16
-177.70
-179.22
-180.71
-182.21
-183.72
-185.24
-186.79
-188.38
-190.04
-191.83
-193.81
-196.03
-198.50
-201.25
-204.23
-207.42
-210.75
-214.18
-217.73
-221.41
-225.28
-229.40
-233.87
-238.78
-244.16
-250.04
-256.36
-263.07
-270.11
-277.39
-284.85
-292.39
-299.93
-307.44
-314.90
-322.34
-329.80
-337.31
-344.89
-352.56
-360.30
-368.09
-375.91
-383.70
-391.40
-398.96
-406.28
-413.26
-419.76
-425.65
-430.84
-435.21
-438.65
-441.03
-442.23
-442.13
-440.61
-437.55
-432.85
-426.40
-418.10
-407.86
-395.61
-381.36
-365.21
-347.37
-328.17
-308.01
-287.36
-266.78
-246.79
-227.91
-210.56
-195.08
-181.59
-170.11
-160.51
-152.61
-146.20
-141.07
-137.00
-133.78
-131.24
-129.24
-127.69
-126.50
-125.61
-124.97
-124.57
-124.42
-124.54
-124.97
-125.79
-127.03
-128.75
-130.94
-133.53
-136.41
-139.43
-142.42
-145.17
-147.47
-149.12
-149.96
-149.84
-148.67
-146.40
-143.06
-138.71
-133.50
-127.58
-121.10
-114.25
-107.18
-100.07
-93.06
-86.30
-79.90
-73.98
-68.60
-63.84
-59.73
-56.28
-53.48
-51.32
-49.74
-48.70
-48.13
-47.97
-48.19
-48.74
-49.59
-50.69
-52.00
-53.46
-55.00
-56.58
-58.13
-59.61
-61.00
-62.27
-63.42
-64.44
-65.34
-66.13
-66.79
-67.29
-67.58
-67.64
-67.45
-67.05
-66.46
-65.73
-64.89
-63.99
-63.06
-62.17
-61.37
-60.69
-60.17
-59.85
-59.75
-59.89
-60.28
-60.92
-61.76
-62.76
-63.86
-65.00
-66.13
-67.21
-68.20
-69.09
-69.89
-70.62
-71.31
-71.99
-72.67
-73.34
-73.98
-74.54
-75.01
-75.36
-75.54
-75.53
-75.30
-74.83
-74.13
-73.19
-72.03
-70.64
-69.08
-67.36
-65.53
-63.63
-61.69
-59.76
-57.84
-55.96
-54.08
-52.20
-50.32
-48.42
-46.52
-44.60
-42.64
-40.65
-38.63
-36.59
-34.53
-32.48
-30.45
-28.46
-26.54
-24.72
-23.02
-21.45
-20.01
-18.69
-17.50
-16.41
-15.42
-14.51
-13.68
-12.92
-12.20
-11.51
-10.87
-10.24
-9.63
-9.02
-8.39
-7.73
-7.03
-6.26
-5.43
-4.53
-3.58
-2.58
-1.54
-0.47
0.61
1.68
2.74
3.77
4.76
5.71
6.61
7.45
8.25
9.00
9.72
10.40
11.07
11.71
12.34
12.94
13.52
14.06
14.55
14.98
15.34
15.63
15.84
15.98
16.07
16.14
16.19
16.26
16.36
16.49
16.68
16.92
17.21
17.56
17.96
18.40
18.86
19.33
19.78
20.18
20.51
20.73
20.81
20.72
20.47
20.03
19.43
18.67
17.77
16.75
15.64
14.43
13.16
11.82
10.43
9.00
7.55
6.09
4.64
3.23
1.87
0.57
-0.65
-1.80
-2.85
-3.80
-4.66
-5.40
-6.03
-6.53
-6.90
-7.14
-7.24
-7.20
-7.02
-6.70
-6.22
-5.60
-4.84
-3.95
-2.95
-1.85
-0.65
0.64
2.03
3.51
5.09
6.76
8.51
10.28
12.04
13.73
15.27
16.61
17.71
18.53
19.09
19.40
19.47
19.35
19.09
18.71
18.26
17.77
17.25
16.73
16.20
15.67
15.13
14.58
14.01
13.41
12.80
12.16
11.50
10.85
10.20
9.57
8.97
8.40
7.88
7.42
7.02
6.69
6.43
6.25
6.15
6.11
6.15
6.24
6.39
6.58
6.79
7.01
7.24
7.45
7.63
7.78
7.89
7.96
8.01
8.03
8.05
8.10
8.19
8.34
8.58
8.92
9.37
9.95
10.65
11.48
12.43
13.48
14.64
15.86
17.12
18.38
19.61
20.77
21.83
22.76
23.57
24.25
24.81
25.27
25.65
25.95
26.20
26.40
26.56
26.67
26.75
26.80
26.80
26.77
26.71
26.63
26.54
26.42
26.29
26.12
25.91
25.64
25.31
24.89
24.38
23.79
23.12
22.38
21.59
20.75
19.88
18.99
18.09
17.18
16.24
15.28
14.28
13.23
12.13
10.96
9.75
8.50
7.24
6.01
4.86
3.85
3.03
2.43
2.09
1.99
2.13
2.46
2.96
3.57
4.26
4.96
5.64
6.22
6.65
6.88
6.83
6.50
5.85
4.90
3.68
2.26
0.69
-0.98
-2.68
-4.35
-5.97
-7.48
-8.86
-10.08
-11.14
-12.01
-12.68
-13.19
-13.55
-13.80
-13.98
-14.13
-14.28
-14.47
-14.70
-14.99
-15.29
-15.59
-15.84
-16.00
-16.00
-15.80
-15.35
-14.59
-13.51
-12.12
-10.45
-8.56
-6.52
-4.40
-2.25
-0.14
1.89
3.82
5.64
7.34
8.93
10.41
11.77
13.01
14.14
15.15
16.06
16.90
17.69
18.46
19.26
20.09
20.98
21.94
22.96
24.02
25.12
26.22
27.30
28.32
29.26
30.10
30.82
31.41
31.88
32.25
32.56
32.84
33.16
33.55
34.04
34.66
35.41
36.28
37.23
38.22
39.19
40.08
40.82
41.35
41.63
41.62
41.29
40.65
39.68
38.39
36.78
34.88
32.70
30.28
27.65
24.83
21.83
18.64
15.26
11.66
7.88
3.97
0.00
-3.91
-7.64
-11.05
-14.04
-16.49
-18.39
-19.74
-20.57
-20.95
-20.95
-20.63
-20.07
-19.34
-18.51
-17.61
-16.70
-15.83
-15.02
-14.31
-13.71
-13.25
-12.90
-12.65
-12.46
-12.32
-12.18
-12.02
-11.81
-11.54
-11.20
-10.81
-10.37
-9.90
-9.41
-8.93
-8.46
-8.03
-7.64
-7.30
-7.00
-6.72
-6.45
-6.13
-5.73
-5.20
-4.55
-3.74
-2.82
-1.78
-0.68
0.45
1.57
2.64
3.63
4.53
5.30
5.96
6.50
6.91
7.20
7.38
7.46
7.43
7.33
7.15
6.93
6.67
6.42
6.18
5.99
5.86
5.79
5.79
5.86
5.98
6.15
6.34
6.54
6.73
6.91
7.06
7.18
7.26
7.31
7.33
7.30
7.25
7.17
7.08
6.96
6.83
6.68
6.52
6.34
6.13
5.89
5.62
5.31
4.96
4.57
4.15
3.69
3.20
2.66
2.07
1.43
0.73
-0.06
-0.93
-1.91
-3.00
-4.22
-5.57
-7.07
-8.72
-10.53
-12.50
-14.63
-16.94
-19.45
-22.16
-25.10
-28.30
-31.77
-35.56
-39.69
-44.16
-48.98
-54.09
-59.39
-64.78
-70.09
-75.18
-79.91
-84.17
-87.90
-91.10
-93.79
-96.02
-97.84
-99.33
-100.54
-101.52
-102.32
-102.98
-103.59
-104.19
-104.89
-105.74
-106.82
-108.17
-109.80
-111.69
-113.77
-115.96
-118.17
-120.29
-122.26
-124.05
-125.67
-127.16
-128.60
-130.09
-131.73
-133.63
-135.87
-138.51
-141.61
-145.20
-149.30
-153.92
-159.04
-164.61
-170.52
-176.59
-182.60
-188.30
-193.45
-197.78
-201.09
-203.21
-204.05
-203.62
-201.95
-199.18
-195.42
-190.88
-185.76
-180.26
-174.63
-169.08
-163.78
-158.88
-154.49
-150.62
-147.24
-144.26
-141.56
-139.02
-136.53
-134.04
-131.53
-129.00
-126.48
-124.02
-121.68
-119.53
-117.63
-116.04
-114.81
-113.98
-113.58
-113.62
-114.13
-115.12
-116.60
-118.53
-120.90
-123.66
-126.75
-130.10
-133.66
-137.32
-140.99
-144.59
-148.01
-151.19
-154.04
-156.51
-158.55
-160.17
-161.42
-162.38
-163.18
-163.96
-164.90
-166.13
-167.75
-169.83
-172.41
-175.47
-178.98
-182.86
-187.04
-191.45
-196.00
-200.62
-205.24
-209.85
-214.41
-218.93
-223.42
-227.92
-232.47
-237.12
-241.96
-247.00
-252.26
-257.67
-263.10
-268.36
-273.24
-277.46
-280.80
-283.08
-284.18
-284.08
-282.83
-280.48
-277.13
-272.87
-267.82
-262.09
-255.78
-249.02
-241.91
-234.61
-227.28
-220.07
-213.13
-206.59
-200.56
-195.11
-190.26
-185.99
-182.23
-178.91
-175.96
-173.32
-170.94
-168.77
-166.73
-164.73
-162.67
-160.45
-157.96
-155.13
-151.85
-148.05
-143.68
-138.71
-133.18
-127.15
-120.74
-114.03
-107.17
-100.25
-93.35
-86.55
-79.94
-73.58
-67.53
-61.82
-56.48
-51.51
-46.91
-42.64
-38.66
-34.90
-31.31
-27.85
-24.48
-21.19
-17.99
-14.91
-11.98
-9.25
-6.77
-4.60
-2.77
-1.34
-0.32
0.25
0.35
-0.06
-1.03
-2.61
-4.85
-7.83
-11.59
-16.16
-21.53
-27.62
-34.32
-41.48
-48.92
-56.46
-63.92
-71.12
-77.90
-84.10
-89.59
-94.23
-97.96
-100.79
-102.73
-103.89
-104.35
-104.25
-103.68
-102.71
-101.42
-99.81
-97.87
-95.57
-92.85
-89.70
-86.14
-82.17
-77.85
-73.24
-68.41
-63.41
-58.33
-53.22
-48.17
-43.21
-38.39
-33.77
-29.37
-25.24
-21.39
-17.86
-14.62
-11.68
-8.99
-6.55
-4.33
-2.30
-0.44
1.28
2.85
4.29
5.59
6.74
7.75
8.63
9.38
10.01
10.54
10.96
11.27
11.47
11.56
11.55
11.44
11.26
11.03
10.80
10.61
10.48
10.46
10.53
10.70
10.93
11.21
11.51
11.81
12.13
12.46
12.81
13.20
13.64
14.09
14.56
15.01
15.43
15.81
16.14
16.45
16.75
17.07
17.44
17.86
18.33
18.84
19.36
19.87
20.35
20.76
21.10
21.36
21.53
21.60
21.58
21.45
21.21
20.83
20.30
19.59
18.68
17.55
16.16
14.51
12.58
10.35
7.85
5.08
2.09
-1.06
-4.26
-7.39
-10.31
-12.89
-15.01
-16.61
-17.68
-18.22
-18.29
-17.95
-17.24
-16.21
-14.91
-13.34
-11.50
-9.39
-7.02
-4.41
-1.61
1.30
4.25
7.13
9.85
12.29
14.42
16.16
17.51
18.47
19.08
19.38
19.43
19.29
18.98
18.55
18.02
17.38
16.64
15.79
14.84
13.79
12.67
11.51
10.34
9.20
8.09
7.04
6.03
5.06
4.10
3.11
2.07
0.96
-0.22
-1.42
-2.61
-3.73
-4.71
-5.53
-6.13
-6.53
-6.76
-6.86
-6.88
-6.89
-6.92
-6.99
-7.11
-7.28
-7.48
-7.70
-7.93
-8.16
-8.37
-8.58
-8.78
-8.98
-9.19
-9.41
-9.64
-9.89
-10.16
-10.46
-10.78
-11.16
-11.60
-12.11
-12.68
-13.34
-14.06
-14.85
-15.68
-16.56
-17.47
-18.39
-19.33
-20.29
-21.27
-22.27
-23.30
-24.35
-25.43
-26.53
-27.68
-28.87
-30.12
-31.42
-32.79
-34.22
-35.72
-37.28
-38.88
-40.52
-42.15
-43.74
-45.24
-46.64
-47.94
-49.15
-50.32
-51.49
-52.73
-54.08
-55.61
-57.34
-59.30
-61.51
-63.95
-66.62
-69.49
-72.53
-75.72
-79.04
-82.49
-86.07
-89.79
-93.70
-97.83
-102.24
-106.96
-112.05
-117.53
-123.43
-129.75
-136.46
-143.51
-150.83
-158.32
-165.87
-173.33
-180.58
-187.42
-193.70
-199.23
-203.85
-207.42
-209.84
-211.07
-211.12
-210.01
-207.82
-204.64
-200.61
-195.90
-190.69
-185.18
-179.51
-173.84
-168.31
-163.04
-158.11
-153.62
-149.60
-146.10
-143.17
-140.84
-139.18
-138.23
-138.05
-138.65
-140.02
-142.10
-144.82
-148.04
-151.65
-155.50
-159.49
-163.50
-167.43
-171.21
-174.81
-178.20
-181.40
-184.43
-187.32
-190.08
-192.77
-195.40
-198.02
-200.63
-203.28
-205.96
-208.67
-211.42
-214.19
-216.97
-219.76
-222.57
-225.41
-228.28
-231.16
-234.02
-236.80
-239.48
-242.04
-244.45
-246.70
-248.76
-250.55
-252.02
-253.06
-253.58
-253.50
-252.75
-251.32
-249.22
-246.54
-243.37
-239.82
-235.98
-231.94
-227.78
-223.61
-219.51
-215.61
-212.00
-208.77
-205.99
-203.66
-201.74
-200.17
-198.87
-197.76
-196.79
-195.92
-195.17
-194.59
-194.25
-194.28
-194.80
-195.98
-197.99
-200.93
-204.91
-209.94
-215.98
-222.92
-230.53
-238.51
-246.51
-254.13
-260.97
-266.64
-270.79
-273.15
-273.49
-271.71
-267.74
-261.61
-253.43
-243.37
-231.72
-218.78
-204.93
-190.53
-175.97
-161.62
-147.80
-134.76
-122.70
-111.73
-101.91
-93.17
-85.45
-78.66
-72.73
-67.60
-63.25
-59.67
-56.81
-54.63
-53.07
-52.11
-51.71
-51.88
-52.58
-53.80
-55.52
-57.72
-60.35
-63.37
-66.69
-70.18
-73.70
-77.07
-80.13
-82.71
-84.70
-86.01
-86.53
-86.18
-84.90
-82.69
-79.61
-75.74
-71.23
-66.27
-61.06
-55.85
-50.86
-46.28
-42.29
-38.99
-36.43
-34.60
-33.43
-32.76
-32.43
-32.21
-31.94
-31.45
-30.64
-29.46
-27.88
-25.91
-23.59
-21.00
-18.23
-15.40
-12.63
-10.04
-7.75
-5.88
-4.52
-3.75
-3.59
-4.03
-5.03
-6.50
-8.29
-10.26
-12.22
-14.01
-15.48
-16.52
-17.07
-17.13
-16.74
-15.96
-14.88
-13.56
-12.13
-10.67
-9.25
-7.93
-6.74
-5.72
-4.87
-4.21
-3.71
-3.38
-3.16
-3.02
-2.89
-2.70
-2.37
-1.83
-0.99
0.19
1.72
3.57
5.67
7.94
10.29
12.64
14.92
17.10
19.14
21.04
22.78
24.33
25.69
26.84
27.79
28.55
29.16
29.63
29.98
30.23
30.39
30.44
30.37
30.13
29.69
28.98
27.95
26.54
24.66
22.24
19.19
15.46
11.00
5.80
-0.12
-6.69
-13.78
-21.21
-28.78
-36.22
-43.33
-49.90
-55.80
-60.95
-65.35
-69.06
-72.17
-74.86
-77.26
-79.57
-81.93
-84.50
-87.41
-90.75
-94.55
-98.83
-103.53
-108.60
-113.93
-119.39
-124.84
-130.12
-135.06
-139.53
-143.40
-146.62
-149.19
-151.19
-152.75
-154.04
-155.28
-156.68
-158.43
-160.67
-163.51
-167.00
-171.15
-175.96
-181.38
-187.38
-193.88
-200.83
-208.16
-215.78
-223.64
-231.67
-239.80
-247.99
-256.15
-264.22
-272.12
-279.80
-287.15
-294.08
-300.46
-306.22
-311.29
-315.69
-319.48
-322.78
-325.81
-328.83
-332.13
-335.96
-340.57
-346.09
-352.61
-360.10
-368.46
-377.52
-387.07
-396.91
-406.85
-416.73
-426.47
-435.92
-444.98
-453.47
-461.15
-467.75
-472.97
-476.60
-478.44
-478.46
-476.69
-473.27
-468.42
-462.41
-455.52
-448.04
-440.23
-432.32
-424.49
-416.89
-409.65
-402.90
-396.73
-391.23
-386.45
-382.42
-379.13
-376.52
-374.47
-372.86
-371.54
-370.35
-369.20
-367.97
-366.62
-365.11
-363.43
-361.56
-359.52
-357.30
-354.86
-352.21
-349.31
-346.15
-342.70
-338.91
-334.79
-330.29
-325.41
-320.12
-314.41
-308.29
-301.80
-294.98
-287.92
-280.74
-273.54
-266.43
-259.52
-252.85
-246.49
-240.43
-234.70
-229.27
-224.14
-219.32
-214.83
-210.66
-206.85
-203.40
-200.38
-197.81
-195.74
-194.18
-193.13
-192.58
-192.47
-192.77
-193.44
-194.44
-195.77
-197.44
-199.46
-201.81
-204.47
-207.42
-210.61
-213.99
-217.55
-221.28
-225.20
-229.36
-233.77
-238.46
-243.39
-248.50
-253.72
-258.94
-264.05
-268.96
-273.63
-278.11
-282.47
-286.88
-291.46
-296.34
-301.57
-307.12
-312.89
-318.71
-324.38
-329.71
-334.48
-338.50
-341.65
-343.85
-345.09
-345.39
-344.79
-343.35
-341.15
-338.25
-334.74
-330.70
-326.23
-321.46
-316.53
-311.51
-306.48
-301.49
-296.54
-291.60
-286.60
-281.46
-276.13
-270.56
-264.71
-258.56
-252.13
-245.44
-238.51
-231.34
-223.93
-216.24
-208.25
-199.92
-191.23
-182.18
-172.82
-163.20
-153.43
-143.63
-133.92
-124.40
-115.18
-106.30
-97.80
-89.68
-81.94
-74.56
-67.52
-60.79
-54.32
-48.09
-42.07
-36.22
-30.52
-24.98
-19.62
-14.46
-9.53
-4.86
-0.47
3.63
7.43
10.92
14.07
16.88
19.30
21.31
22.88
24.00
24.67
24.95
24.90
24.62
24.20
23.74
23.32
22.99
22.77
22.67
22.68
22.81
23.04
23.36
23.77
24.27
24.84
25.47
26.12
26.75
27.33
27.82
28.18
28.40
28.47
28.39
28.18
27.86
27.47
27.06
26.66
26.32
26.09
25.97
25.99
26.14
26.38
26.68
26.99
27.25
27.39
27.38
27.14
26.65
25.88
24.82
23.47
21.85
19.99
17.91
15.66
13.28
10.79
8.23
5.64
3.04
0.44
-2.12
-4.62
-7.03
-9.34
-11.51
-13.54
-15.39
-17.04
-18.48
-19.68
-20.62
-21.30
-21.72
-21.90
-21.87
-21.66
-21.32
-20.86
-20.31
-19.66
-18.90
-18.04
-17.06
-15.96
-14.75
-13.44
-12.04
-10.58
-9.09
-7.57
-6.04
-4.54
-3.07
-1.64
-0.28
1.02
2.24
3.38
4.44
5.43
6.35
7.21
8.02
8.75
9.42
10.01
10.52
10.93
11.25
11.46
11.57
11.59
11.53
11.41
11.23
11.01
10.76
10.48
10.16
9.80
9.36
8.84
8.20
7.41
6.44
5.28
3.94
2.42
0.77
-0.97
-2.73
-4.43
-6.00
-7.40
-8.58
-9.52
-10.24
-10.75
-11.08
-11.27
-11.37
-11.41
-11.43
-11.44
-11.45
-11.42
-11.36
-11.23
-11.01
-10.69
-10.27
-9.74
-9.10
-8.38
-7.60
-6.78
-5.94
-5.09
-4.25
-3.44
-2.66
-1.92
-1.24
-0.62
-0.05
0.46
0.92
1.32
1.68
1.98
2.23
2.43
2.59
2.72
2.81
2.89
2.94
2.98
3.01
3.04
3.06
3.09
3.11
3.14
3.16
3.19
3.22
3.25
3.27
3.29
3.29
3.28
3.26
3.21
3.15
3.09
3.03
2.98
2.97
2.98
3.01
3.06
3.11
3.15
3.16
3.14
3.07
2.96
2.80
2.59
2.34
2.03
1.69
1.31
0.89
0.43
-0.06
-0.58
-1.11
-1.66
-2.20
-2.74
-3.26
-3.74
-4.20
-4.61
-4.99
-5.33
-5.64
-5.94
-6.23
-6.51
-6.80
-7.09
-7.40
-7.73
-8.07
-8.43
-8.79
-9.16
-9.52
-9.86
-10.18
-10.46
-10.72
-10.94
-11.14
-11.32
-11.49
-11.67
-11.87
-12.10
-12.37
-12.68
-13.05
-13.45
-13.88
-14.32
-14.74
-15.12
-15.46
-15.76
-16.02
-16.25
-16.46
-16.68
-16.91
-17.17
-17.47
-17.80
-18.15
-18.52
-18.90
-19.27
-19.62
-19.95
-20.24
-20.52
-20.78
-21.02
-21.27
-21.53
-21.83
-22.16
-22.53
-22.96
-23.44
-23.98
-24.56
-25.18
-25.85
-26.55
-27.32
-28.15
-29.06
-30.07
-31.20
-32.48
-33.90
-35.48
-37.21
-39.11
-41.14
-43.31
-45.60
-47.98
-50.47
-53.08
-55.84
-58.78
-61.96
-65.43
-69.23
-73.36
-77.83
-82.61
-87.65
-92.89
-98.25
-103.61
-108.91
-114.06
-119.01
-123.79
-128.40
-132.91
-137.43
-142.04
-146.82
-151.82
-157.09
-162.62
-168.37
-174.27
-180.22
-186.10
-191.81
-197.20
-202.18
-206.65
-210.56
-213.88
-216.64
-218.86
-220.59
-221.90
-222.82
-223.40
-223.62
-223.48
-222.96
-222.10
-220.93
-219.49
-217.84
-216.05
-214.19
-212.32
-210.49
-208.74
-207.04
-205.36
-203.65
-201.88
-200.05
-198.20
-196.38
-194.63
-192.99
-191.51
-190.23
-189.15
-188.30
-187.70
-187.36
-187.32
-187.60
-188.24
-189.30
-190.82
-192.85
-195.37
-198.39
-201.86
-205.77
-210.06
-214.71
-219.68
-224.95
-230.53
-236.40
-242.54
-248.92
-255.49
-262.24
-269.15
-276.24
-283.52
-291.03
-298.80
-306.88
-315.32
-324.16
-333.42
-343.12
-353.27
-363.81
-374.66
-385.72
-396.88
-408.03
-419.09
-429.98
-440.65
-451.07
-461.25
-471.22
-481.03
-490.75
-500.45
-510.20
-520.10
-530.29
-540.89
-552.06
-563.94
-576.68
-590.40
-605.19
-621.09
-638.15
-656.35
-675.66
-695.98
-717.13
-738.90
-760.95
-782.95
-804.52
-825.30
-844.94
-863.18
-879.91
-895.21
-909.33
-922.68
-935.72
-948.87
-962.43
-976.53
-991.15
-1006.11
-1021.13
-1035.83
-1049.81
-1062.69
-1074.15
-1084.02
-1092.27
-1099.01
-1104.44
-1108.85
-1112.60
-1116.12
-1119.83
-1124.14
-1129.36
-1135.82
-1143.71
-1153.18
-1164.25
-1176.81
-1190.56
-1205.13
-1220.06
-1234.94
-1249.41
-1263.20
-1276.10
-1288.01
-1298.88
-1308.62
-1317.18
-1324.48
-1330.36
-1334.67
-1337.25
-1337.93
-1336.63
-1333.37
-1328.36
-1321.93
-1314.48
-1306.44
-1298.21
-1290.23
-1282.90
-1276.44
-1270.97
-1266.55
-1263.24
-1261.14
-1260.41
-1261.19
-1263.53
-1267.40
-1272.57
-1278.69
-1285.24
-1291.68
-1297.39
-1301.85
-1304.63
-1305.45
-1304.24
-1301.18
-1296.64
-1291.08
-1284.95
-1278.59
-1272.30
-1266.28
-1260.70
-1255.71
-1251.41
-1247.87
-1245.05
-1242.96
-1241.56
-1240.78
-1240.44
-1240.31
-1240.20
-1239.92
-1239.29
-1238.12
-1236.22
-1233.43
-1229.66
-1224.92
-1219.39
-1213.40
-1207.37
-1201.86
-1197.38
-1194.42
-1193.38
-1194.48
-1197.76
-1203.10
-1210.30
-1219.00
-1228.69
-1238.69
-1248.28
-1256.75
-1263.44
-1267.74
-1269.24
-1267.82
-1263.65
-1257.10
-1248.62
-1238.72
-1227.88
-1216.47
-1204.77
-1192.88
-1180.77
-1168.23
-1155.07
-1141.07
-1126.07
-1109.95
-1092.67
-1074.20
-1054.49
-1033.54
-1011.35
-987.96
-963.43
-937.89
-911.58
-884.95
-858.54
-832.94
-808.71
-786.30
-766.00
-747.96
-732.17
-718.48
-706.61
-696.20
-686.90
-678.42
-670.53
-663.07
-655.94
-649.07
-642.48
-636.18
-630.30
-624.97
-620.40
-616.80
-614.36
-613.20
-613.39
-614.93
-617.73
-621.59
-626.22
-631.29
-636.42
-641.23
-645.40
-648.67
-650.88
-651.89
-651.60
-649.91
-646.74
-642.02
-635.76
-628.00
-618.91
-608.76
-597.88
-586.64
-575.44
-564.62
-554.50
-545.29
-537.13
-530.04
-523.98
-518.86
-514.54
-510.90
-507.84
-505.28
-503.12
-501.30
-499.74
-498.36
-497.04
-495.69
-494.19
-492.42
-490.27
-487.66
-484.55
-480.93
-476.76
-472.01
-466.68
-460.80
-454.39
-447.45
-440.00
-432.05
-423.66
-414.91
-405.91
-396.79
-387.69
-378.80
-370.28
-362.25
-354.78
-347.94
-341.76
-336.22
-331.28
-326.80
-322.68
-318.76
-314.88
-310.85
-306.50
-301.65
-296.15
-289.89
-282.78
-274.72
-265.67
-255.60
-244.54
-232.55
-219.76
-206.32
-192.42
-178.25
-164.02
-149.91
-136.11
-122.72
-109.84
-97.53
-85.84
-74.82
-64.51
-54.94
-46.10
-37.96
-30.47
-23.58
-17.21
-11.31
-5.85
-0.79
3.85
8.08
11.87
15.21
18.07
20.47
22.42
23.94
25.07
25.83
26.25
26.36
26.19
25.76
25.14
24.33
23.39
22.35
21.23
20.07
18.87
17.67
16.45
15.24
14.02
12.79
11.54
10.27
8.96
7.62
6.27
4.91
3.57
2.26
1.01
-0.19
-1.34
-2.45
-3.53
-4.60
-5.68
-6.77
-7.89
-9.02
-10.15
-11.28
-12.42
-13.53
-14.62
-15.67
-16.68
-17.62
-18.50
-19.30
-20.03
-20.69
-21.30
-21.86
-22.42
-22.99
-23.63
-24.37
-25.24
-26.29
-27.52
-28.96
-30.61
-32.49
-34.59
-36.92
-39.48
-42.28
-45.30
-48.49
-51.79
-55.10
-58.35
-61.41
-64.19
-66.60
-68.60
-70.14
-71.23
-71.92
-72.22
-72.20
-71.89
-71.35
-70.64
-69.80
-68.87
-67.90
-66.92
-65.98
-65.09
-64.25
-63.47
-62.76
-62.10
-61.48
-60.91
-60.35
-59.81
-59.29
-58.78
-58.29
-57.83
-57.39
-56.97
-56.56
-56.15
-55.72
-55.27
-54.79
-54.27
-53.72
-53.13
-52.50
-51.86
-51.21
-50.56
-49.91
-49.29
-48.71
-48.19
-47.76
-47.44
-47.28
-47.29
-47.48
-47.84
-48.38
-49.08
-49.93
-50.89
-51.93
-53.04
-54.18
-55.34
-56.52
-57.73
-58.98
-60.28
-61.65
-63.10
-64.64
-66.27
-68.03
-69.92
-71.96
-74.17
-76.57
-79.16
-81.97
-84.98
-88.22
-91.65
-95.25
-98.95
-102.72
-106.48
-110.18
-113.79
-117.26
-120.61
-123.84
-126.97
-130.06
-133.16
-136.34
-139.69
-143.26
-147.13
-151.39
-156.10
-161.35
-167.20
-173.69
-180.85
-188.72
-197.28
-206.52
-216.42
-226.93
-238.06
-249.81
-262.17
-275.14
-288.73
-302.95
-317.81
-333.33
-349.51
-366.42
-384.11
-402.69
-422.23
-442.79
-464.44
-487.17
-510.93
-535.60
-561.01
-586.94
-613.23
-639.76
-666.53
-693.57
-721.01
-749.00
-777.69
-807.24
-837.82
-869.65
-902.88
-937.58
-973.79
-1011.53
-1050.86
-1091.82
-1134.50
-1178.98
-1225.43
-1274.05
-1325.09
-1378.81
-1435.44
-1495.18
-1558.22
-1624.72
-1694.90
-1769.01
-1847.36
-1930.24
-2017.96
-2110.85
-2209.17
-2313.04
-2422.27
-2536.62
-2655.83
-2779.50
-2907.18
-3038.26
-3171.89
-3306.96
-3442.08
-3575.70
-3706.12
-3831.64
-3950.78
-4062.29
-4165.18
-4258.85
-4343.12
-4418.43
-4485.71
-4546.44
-4602.21
-4654.58
-4704.51
-4752.29
-4797.41
-4838.80
-4875.28
-4905.75
-4929.64
-4946.93
-4958.36
-4965.22
-4969.04
-4971.26
-4973.14
-4975.47
-4978.61
-4982.38
-4986.18
-4989.25
-4990.51
-4988.62
-4982.13
-4969.74
-4950.39
-4923.45
-4888.56
-4845.76
-4795.65
-4739.10
-4677.24
-4611.41
-4542.93
-4472.93
-4402.36
-4332.03
-4262.64
-4194.80
-4129.05
-4065.95
-4006.09
-3949.99
-3897.95
-3849.99
-3805.85
-3765.03
-3726.75
-3690.07
-3653.97
-3617.49
-3579.95
-3540.88
-3500.13
-3457.75
-3413.86
-3368.58
-3321.98
-3273.99
-3224.51
-3173.28
-3120.11
-3064.96
-3007.92
-2949.27
-2889.50
-2829.21
-2768.97
-2709.32
-2650.70
-2593.37
-2537.46
-2483.04
-2430.08
-2378.37
-2327.63
-2277.56
-2227.91
-2178.52
-2129.45
-2080.78
-2032.66
-1985.17
-1938.42
-1892.54
-1847.58
-1803.64
-1760.76
-1719.02
-1678.41
-1638.85
-1600.28
-1562.58
-1525.62
-1489.23
-1453.29
-1417.76
-1382.71
-1348.32
-1314.88
-1282.72
-1252.16
-1223.52
-1197.02
-1172.76
-1150.70
-1130.70
-1112.52
-1095.84
-1080.31
-1065.54
-1051.15
-1036.80
-1022.19
-1007.08
-991.24
-974.52
-956.74
-937.80
-917.58
-896.05
-873.29
-849.43
-824.66
-799.25
-773.50
-747.73
-722.28
-697.47
-673.51
-650.60
-628.92
-608.62
-589.79
-572.46
-556.61
-542.17
-528.96
-516.80
-505.47
-494.78
-484.60
-474.86
-465.57
-456.81
-448.72
-441.42
-435.01
-429.50
-424.82
-420.86
-417.50
-414.64
-412.23
-410.26
-408.75
-407.74
-407.22
-407.20
-407.60
-408.35
-409.41
-410.76
-412.34
-414.06
-415.79
-417.43
-418.81
-419.80
-420.20
-419.86
-418.65
-416.52
-413.44
-409.47
-404.71
-399.29
-393.36
-387.09
-380.63
-374.13
-367.71
-361.44
-355.35
-349.45
-343.68
-338.02
-332.41
-326.76
-321.03
-315.17
-309.13
-302.87
-296.37
-289.58
-282.50
-275.07
-267.27
-259.11
-250.61
-241.85
-232.92
-223.93
-214.98
-206.21
-197.71
-189.56
-181.82
-174.47
-167.49
-160.79
-154.34
-148.06
-141.93
-135.93
-130.05
-124.30
-118.71
-113.31
-108.15
-103.29
-98.78
-94.68
-91.02
-87.83
-85.13
-82.93
-81.28
-80.17
-79.64
-79.70
-80.33
-81.50
-83.14
-85.18
-87.53
-90.08
-92.71
-95.30
-97.75
-99.98
-101.94
-103.65
-105.12
-106.42
-107.59
-108.70
-109.83
-111.05
-112.44
-114.03
-115.82
-117.79
-119.89
-122.09
-124.31
-126.47
-128.47
-130.22
-131.61
-132.56
-133.04
-133.04
-132.58
-131.71
-130.50
-129.04
-127.43
-125.78
-124.19
-122.75
-121.49
-120.43
-119.55
-118.87
-118.38
-118.12
-118.11
-118.40
-119.03
-120.01
-121.33
-122.95
-124.79
-126.77
-128.81
-130.85
-132.81
-134.63
-136.25
-137.60
-138.60
-139.21
-139.37
-139.07
-138.29
-137.01
-135.24
-133.03
-130.42
-127.48
-124.26
-120.78
-117.09
-113.20
-109.10
-104.76
-100.18
-95.34
-90.22
-84.82
-79.15
-73.23
-67.08
-60.73
-54.25
-47.71
-41.21
-34.85
-28.71
-22.89
-17.46
-12.49
-8.03
-4.11
-0.72
2.14
4.50
6.39
7.86
8.97
9.77
10.31
10.64
10.79
10.79
10.67
10.45
10.16
9.80
9.42
9.03
8.66
8.34
8.07
7.84
7.67
7.54
7.44
7.38
7.35
7.35
7.37
7.41
7.47
7.53
7.58
7.60
7.57
7.46
7.24
6.91
6.43
5.79
5.00
4.06
2.98
1.76
0.43
-1.04
-2.64
-4.40
-6.32
-8.39
-10.60
-12.92
-15.31
-17.72
-20.09
-22.39
-24.60
-26.73
-28.81
-30.91
-33.06
-35.33
-37.77
-40.40
-43.23
-46.25
-49.44
-52.77
-56.20
-59.69
-63.22
-66.75
-70.23
-73.62
-76.91
-80.04
-82.99
-85.73
-88.27
-90.63
-92.84
-94.96
-97.08
-99.30
-101.71
-104.40
-107.45
-110.90
-114.82
-119.24
-124.18
-129.62
-135.51
-141.79
-148.36
-155.10
-161.90
-168.60
-175.05
-181.06
-186.48
-191.17
-195.03
-197.98
-199.96
-200.95
-200.93
-199.90
-197.86
-194.83
-190.82
-185.86
-179.98
-173.24
-165.76
-157.61
-148.93
-139.80
-130.37
-120.78
-111.17
-101.68
-92.37
-83.34
-74.64
-66.34
-58.47
-51.06
-44.14
-37.71
-31.75
-26.23
-21.13
-16.41
-12.05
-8.03
-4.34
-0.99
1.99
4.58
6.76
8.54
9.92
10.97
11.73
12.28
12.67
12.97
13.22
13.45
13.70
13.98
14.29
14.65
15.03
15.43
15.84
16.25
16.66
17.06
17.45
17.83
18.23
18.65
19.12
19.67
20.31
21.05
21.89
22.80
23.76
24.76
25.74
26.70
27.61
28.44
29.18
29.83
30.36
30.75
31.01
31.11
31.04
30.81
30.41
29.83
29.05
28.04
26.76
25.15
23.17
20.77
17.92
14.62
10.91
6.87
2.59
-1.81
-6.20
-10.46
-14.49
-18.21
-21.56
-24.53
-27.10
-29.30
-31.18
-32.80
-34.25
-35.62
-37.00
-38.47
-40.12
-41.99
-44.13
-46.53
-49.17
-51.98
-54.90
-57.82
-60.67
-63.38
-65.88
-68.14
-70.16
-71.95
-73.56
-75.01
-76.32
-77.51
-78.58
-79.53
-80.35
-81.02
-81.51
-81.78
-81.81
-81.61
-81.19
-80.55
-79.73
-78.73
-77.54
-76.17
-74.58
-72.78
-70.76
-68.55
-66.20
-63.75
-61.30
-58.94
-56.76
-54.86
-53.33
-52.24
-51.65
-51.59
-52.05
-52.95
-54.19
-55.59
-56.94
-58.02
-58.60
-58.51
-57.64
-55.94
-53.46
-50.34
-46.74
-42.86
-38.91
-35.08
-31.52
-28.33
-25.56
-23.21
-21.26
-19.66
-18.35
-17.25
-16.27
-15.36
-14.44
-13.48
-12.43
-11.29
-10.06
-8.72
-7.29
-5.81
-4.30
-2.84
-1.46
-0.21
0.86
1.74
2.40
2.85
3.10
3.15
3.03
2.77
2.40
1.95
1.46
0.96
0.47
0.00
-0.41
-0.79
-1.12
-1.42
-1.71
-2.01
-2.37
-2.80
-3.32
-3.95
-4.67
-5.46
-6.28
-7.10
-7.89
-8.61
-9.23
-9.77
-10.23
-10.63
-10.99
-11.33
-11.70
-12.10
-12.56
-13.10
-13.73
-14.47
-15.30
-16.23
-17.23
-18.28
-19.35
-20.40
-21.41
-22.36
-23.26
-24.13
-25.01
-25.93
-26.93
-28.02
-29.24
-30.57
-31.98
-33.46
-34.97
-36.49
-37.98
-39.46
-40.92
-42.37
-43.83
-45.34
-46.91
-48.57
-50.32
-52.20
-54.19
-56.32
-58.55
-60.86
-63.21
-65.53
-67.77
-69.85
-71.74
-73.35
-74.65
-75.58
-76.10
-76.19
-75.85
-75.06
-73.84
-72.20
-70.15
-67.73
-64.99
-62.00
-58.80
-55.48
-52.10
-48.75
-45.49
-42.40
-39.51
-36.83
-34.35
-32.03
-29.84
-27.72
-25.61
-23.46
-21.22
-18.89
-16.47
-13.98
-11.44
-8.91
-6.42
-4.03
-1.81
0.21
1.99
3.52
4.79
5.82
6.63
7.26
7.73
8.09
8.36
8.58
8.75
8.90
9.04
9.16
9.28
9.38
9.47
9.54
9.57
9.58
9.54
9.47
9.35
9.20
9.03
8.84
8.64
8.45
8.26
8.10
7.96
7.87
7.82
7.82
7.87
7.98
8.13
8.31
8.50
8.69
8.86
8.99
9.08
9.14
9.15
9.13
9.10
9.05
9.01
8.96
8.92
8.88
8.84
8.80
8.75
8.69
8.64
8.59
8.56
8.55
8.57
8.61
8.69
8.78
8.89
9.01
9.15
9.30
9.45
9.58
9.67
9.70
9.63
9.47
9.23
8.92
8.61
8.32
8.10
7.96
7.94
8.01
8.16
8.38
8.61
8.84
9.05
9.22
9.34
9.40
9.41
9.37
9.29
9.19
9.07
8.95
8.83
8.73
8.66
8.61
8.61
8.64
8.71
8.81
8.93
9.07
9.20
9.30
9.38
9.42
9.40
9.33
9.21
9.05
8.85
8.63
8.39
8.16
7.94
7.73
7.55
7.40
7.28
7.18
7.10
7.04
6.99
6.95
6.92
6.89
6.87
6.83
6.79
6.74
6.68
6.60
6.51
6.40
6.28
6.14
5.99
5.84
5.69
5.55
5.43
5.31
5.21
5.12
5.02
4.91
4.78
4.62
4.42
4.17
3.85
3.46
3.00
2.46
1.87
1.23
0.55
-0.15
-0.86
-1.55
-2.23
-2.87
-3.46
-4.01
-4.49
-4.91
-5.27
-5.57
-5.82
-6.03
-6.22
-6.40
-6.58
-6.76
-6.95
-7.15
-7.35
-7.55
-7.73
-7.89
-8.00
-8.07
-8.09
-8.05
-7.95
-7.79
-7.57
-7.30
-6.97
-6.59
-6.16
-5.68
-5.18
-4.66
-4.15
-3.68
-3.24
-2.87
-2.56
-2.31
-2.11
-1.95
-1.82
-1.71
-1.59
-1.47
-1.34
-1.20
-1.06
-0.93
-0.81
-0.70
-0.64
-0.61
-0.63
-0.72
-0.86
-1.08
-1.39
-1.78
-2.26
-2.84
-3.55
-4.39
-5.37
-6.52
-7.87
-9.43
-11.22
-13.26
-15.55
-18.10
-20.89
-23.91
-27.12
-30.51
-34.04
-37.68
-41.42
-45.23
-49.11
-53.05
-57.03
-61.03
-65.01
-68.94
-72.75
-76.39
-79.78
-82.89
-85.67
-88.11
-90.22
-92.03
-93.58
-94.90
-96.06
-97.10
-98.06
-98.99
-99.94
-100.94
-102.03
-103.23
-104.56
-106.04
-107.69
-109.54
-111.58
-113.81
-116.23
-118.79
-121.46
-124.15
-126.83
-129.42
-131.89
-134.19
-136.28
-138.11
-139.63
-140.78
-141.51
-141.76
-141.47
-140.59
-139.10
-136.99
-134.27
-131.00
-127.21
-122.96
-118.33
-113.41
-108.29
-103.07
-97.82
-92.63
-87.55
-82.60
-77.80
-73.17
-68.72
-64.43
-60.30
-56.34
-52.53
-48.86
-45.36
-42.01
-38.84
-35.86
-33.07
-30.46
-28.01
-25.72
-23.57
-21.56
-19.67
-17.92
-16.30
-14.83
-13.51
-12.34
-11.33
-10.45
-9.69
-9.02
-8.43
-7.90
-7.40
-6.93
-6.49
-6.08
-5.68
-5.31
-4.94
-4.58
-4.24
-3.90
-3.58
-3.28
-3.01
-2.79
-2.61
-2.49
-2.40
-2.32
-2.23
-2.11
-1.92
-1.67
-1.32
-0.89
-0.37
0.24
0.93
1.69
2.54
3.46
4.44
5.48
6.55
7.64
8.71
9.74
10.71
11.59
12.38
13.07
13.64
14.09
14.42
14.62
14.70
14.62
14.40
14.02
13.46
12.73
11.79
10.66
9.31
7.76
6.02
4.12
2.08
-0.08
-2.32
-4.63
-6.97
-9.33
-11.67
-13.99
-16.26
-18.47
-20.61
-22.66
-24.61
-26.47
-28.24
-29.91
-31.51
-33.02
-34.44
-35.78
-37.03
-38.19
-39.28
-40.29
-41.22
-42.06
-42.82
-43.48
-44.02
-44.44
-44.74
-44.91
-44.95
-44.88
-44.72
-44.47
-44.16
-43.81
-43.46
-43.12
-42.83
-42.65
-42.63
-42.83
-43.32
-44.18
-45.45
-47.21
-49.48
-52.26
-55.55
-59.30
-63.46
-67.95
-72.68
-77.54
-82.39
-87.11
-91.55
-95.57
-99.00
-101.74
-103.71
-104.89
-105.33
-105.16
-104.51
-103.52
-102.32
-101.03
-99.68
-98.29
-96.81
-95.18
-93.31
-91.11
-88.52
-85.49
-82.02
-78.10
-73.75
-69.04
-64.03
-58.84
-53.59
-48.42
-43.46
-38.85
-34.73
-31.20
-28.37
-26.32
-25.11
-24.80
-25.42
-26.99
-29.53
-33.00
-37.39
-42.67
-48.81
-55.76
-63.44
-71.77
-80.65
-89.95
-99.57
-109.38
-119.31
-129.26
-139.21
-149.11
-158.94
-168.61
-177.99
-186.90
-195.12
-202.48
-208.85
-214.14
-218.40
-221.74
-224.30
-226.26
-227.72
-228.77
-229.42
-229.61
-229.24
-228.19
-226.36
-223.67
-220.14
-215.89
-211.07
-205.90
-200.58
-195.26
-190.08
-185.14
-180.48
-176.15
-172.22
-168.74
-165.77
-163.38
-161.64
-160.58
-160.25
-160.65
-161.79
-163.65
-166.20
-169.43
-173.28
-177.68
-182.58
-187.84
-193.32
-198.82
-204.16
-209.16
-213.64
-217.53
-220.74
-223.28
-225.13
-226.36
-227.01
-227.15
-226.86
-226.20
-225.27
-224.16
-223.01
-221.94
-221.11
-220.67
-220.74
-221.40
-222.64
-224.38
-226.45
-228.69
-230.93
-233.03
-234.88
-236.42
-237.65
-238.64
-239.42
-240.03
-240.49
-240.75
-240.77
-240.50
-239.85
-238.80
-237.36
-235.56
-233.47
-231.22
-228.89
-226.62
-224.53
-222.72
-221.28
-220.27
-219.72
-219.65
-220.02
-220.77
-221.81
-223.08
-224.52
-226.09
-227.80
-229.67
-231.73
-234.03
-236.64
-239.60
-242.92
-246.56
-250.42
-254.36
-258.17
-261.64
-264.54
-266.71
-268.06
-268.58
-268.33
-267.40
-265.90
-263.95
-261.58
-258.85
-255.75
-252.31
-248.54
-244.51
-240.29
-236.00
-231.79
-227.77
-224.06
-220.68
-217.66
-214.94
-212.48
-210.19
-208.04
-205.98
-204.05
-202.29
-200.77
-199.60
-198.85
-198.59
-198.86
-199.68
-201.03
-202.90
-205.25
-208.06
-211.32
-215.00
-219.11
-223.66
-228.68
-234.18
-240.21
-246.81
-254.00
-261.84
-270.34
-279.50
-289.27
-299.56
-310.23
-321.09
-331.97
-342.68
-353.04
-362.93
-372.24
-380.88
-388.77
-395.87
-402.13
-407.48
-411.89
-415.34
-417.80
-419.29
-419.83
-419.47
-418.26
-416.23
-413.42
-409.84
-405.51
-400.48
-394.83
-388.63
-381.99
-375.06
-368.01
-361.07
-354.43
-348.28
-342.78
-338.03
-334.11
-331.08
-328.96
-327.71
-327.26
-327.47
-328.19
-329.25
-330.43
-331.51
-332.26
-332.49
-332.03
-330.78
-328.65
-325.62
-321.70
-316.95
-311.47
-305.39
-298.85
-292.05
-285.16
-278.33
-271.68
-265.30
-259.24
-253.55
-248.25
-243.27
-238.51
-233.84
-229.10
-224.15
-218.88
-213.20
-207.09
-200.58
-193.76
-186.75
-179.67
-172.59
-165.60
-158.73
-152.04
-145.55
-139.25
-133.16
-127.27
-121.61
-116.20
-111.07
-106.27
-101.82
-97.76
-94.09
-90.81
-87.91
-85.36
-83.14
-81.23
-79.60
-78.24
-77.10
-76.16
-75.40
-74.77
-74.19
-73.59
-72.89
-71.98
-70.81
-69.33
-67.49
-65.27
-62.68
-59.73
-56.44
-52.86
-49.07
-45.12
-41.14
-37.24
-33.51
-30.05
-26.96
-24.32
-22.17
-20.52
-19.33
-18.58
-18.19
-18.11
-18.28
-18.65
-19.18
-19.86
-20.68
-21.63
-22.71
-23.93
-25.28
-26.76
-28.35
-30.05
-31.80
-33.58
-35.35
-37.08
-38.75
-40.35
-41.88
-43.31
-44.66
-45.93
-47.14
-48.31
-49.45
-50.60
-51.78
-52.98
-54.22
-55.49
-56.80
-58.11
-59.40
-60.59
-61.64
-62.47
-63.02
-63.26
-63.15
-62.71
-61.95
-60.90
-59.59
-58.06
-56.36
-54.55
-52.65
-50.74
-48.84
-47.02
-45.31
-43.72
-42.28
-41.00
-39.87
-38.88
-38.01
-37.21
-36.46
-35.74
-35.01
-34.27
-33.49
-32.66
-31.80
-30.92
-30.05
-29.22
-28.45
-27.79
-27.27
-26.93
-26.79
-26.87
-27.19
-27.76
-28.57
-29.63
-30.91
-32.37
-33.97
-35.66
-37.35
-38.98
-40.48
-41.77
-42.82
-43.61
-44.18
-44.57
-44.86
-45.16
-45.56
-46.12
-46.91
-47.95
-49.27
-50.83
-52.60
-54.51
-56.45
-58.31
-59.95
-61.25
-62.10
-62.39
-62.08
-61.15
-59.62
-57.58
-55.11
-52.34
-49.37
-46.34
-43.33
-40.44
-37.69
-35.11
-32.69
-30.41
-28.24
-26.14
-24.06
-21.95
-19.78
-17.50
-15.10
-12.56
-9.90
-7.15
-4.36
-1.58
1.10
3.63
5.96
8.04
9.86
11.44
12.78
13.90
14.85
15.64
16.30
16.84
17.29
17.68
18.06
18.47
18.97
19.59
20.33
21.20
22.15
23.08
23.89
24.47
24.69
24.47
23.79
22.64
21.09
19.23
17.17
15.03
12.92
10.91
9.04
7.32
5.78
4.37
3.09
1.90
0.80
-0.22
-1.13
-1.90
-2.47
-2.79
-2.79
-2.44
-1.70
-0.58
0.89
2.62
4.49
6.39
8.21
9.84
11.24
12.38
13.24
13.84
14.19
14.29
14.15
13.75
13.11
12.27
11.27
10.20
9.19
8.41
8.03
8.21
9.09
10.73
13.12
16.19
19.76
23.64
27.57
31.30
34.66
37.50
39.77
41.45
42.58
43.21
43.40
43.21
42.70
41.91
40.85
39.55
38.03
36.31
34.40
32.35
30.20
28.00
25.83
23.77
21.88
20.22
18.83
17.72
16.88
16.30
15.92
15.70
15.59
15.53
15.47
15.38
15.22
15.01
14.74
14.40
14.00
13.52
12.92
12.18
11.25
10.09
8.72
7.15
5.47
3.78
2.21
0.88
-0.13
-0.75
-0.98
-0.83
-0.35
0.39
1.31
2.31
3.34
4.32
5.20
5.95
6.56
7.03
7.37
7.59
7.72
7.76
7.73
7.65
7.52
7.36
7.18
6.97
6.76
6.53
6.30
6.04
5.78
5.49
5.18
4.83
4.45
4.03
3.56
3.05
2.49
1.89
1.25
0.59
-0.11
-0.84
-1.59
-2.36
-3.15
-3.95
-4.71
-5.43
-6.06
-6.59
-6.99
-7.28
-7.48
-7.63
-7.78
-7.98
-8.27
-8.65
-9.13
-9.67
-10.26
-10.88
-11.48
-12.04
-12.52
-12.89
-13.11
-13.19
-13.12
-12.91
-12.56
-12.10
-11.55
-10.95
-10.33
-9.72
-9.14
-8.63
-8.17
-7.78
-7.45
-7.18
-6.96
-6.78
-6.65
-6.56
-6.50
-6.47
-6.47
-6.49
-6.53
-6.58
-6.63
-6.68
-6.73
-6.78
-6.83
-6.90
-6.97
-7.04
-7.09
-7.12
-7.11
-7.03
-6.86
-6.58
-6.19
-5.68
-5.06
-4.35
-3.56
-2.70
-1.78
-0.81
0.20
1.24
2.32
3.44
4.60
5.80
7.05
8.34
9.67
11.03
12.40
13.77
15.13
16.48
17.80
19.09
20.34
21.54
22.68
23.72
24.62
25.37
25.91
26.21
26.26
26.02
25.48
24.60
23.36
21.72
19.66
17.16
14.21
10.85
7.13
3.16
-0.89
-4.83
-8.43
-11.49
-13.82
-15.31
-15.91
-15.60
-14.45
-12.53
-9.96
-6.88
-3.44
0.22
3.94
7.62
11.15
14.47
17.53
20.30
22.73
24.80
26.47
27.72
28.51
28.85
28.79
28.37
27.68
26.82
25.87
24.91
23.99
23.13
22.34
21.62
20.96
20.33
19.74
19.18
18.66
18.19
17.78
17.45
17.20
17.03
16.90
16.77
16.61
16.35
15.98
15.47
14.83
14.09
13.30
12.49
11.70
10.96
10.29
9.69
9.15
8.66
8.19
7.69
7.13
6.45
5.62
4.58
3.27
1.67
-0.27
-2.57
-5.21
-8.18
-11.45
-14.99
-18.75
-22.70
-26.78
-31.00
-35.32
-39.75
-44.27
-48.88
-53.56
-58.28
-63.05
-67.84
-72.67
-77.52
-82.38
-87.25
-92.08
-96.87
-101.60
-106.28
-110.90
-115.46
-119.96
-124.40
-128.76
-133.03
-137.17
-141.10
-144.77
-148.09
-150.99
-153.36
-155.13
-156.27
-156.76
-156.67
-156.05
-155.04
-153.79
-152.48
-151.25
-150.22
-149.50
-149.09
-149.01
-149.21
-149.64
-150.24
-150.97
-151.80
-152.71
-153.71
-154.83
-156.08
-157.43
-158.87
-160.33
-161.78
-163.16
-164.47
-165.70
-166.84
-167.93
-169.00
-170.04
-171.09
-172.15
-173.21
-174.25
-175.27
-176.28
-177.29
-178.32
-179.42
-180.60
-181.90
-183.33
-184.93
-186.74
-188.80
-191.13
-193.73
-196.60
-199.71
-203.03
-206.51
-210.09
-213.66
-217.10
-220.29
-223.09
-225.39
-227.09
-228.12
-228.41
-227.96
-226.78
-224.93
-222.51
-219.64
-216.46
-213.11
-209.73
-206.41
-203.26
-200.35
-197.76
-195.54
-193.68
-192.20
-191.05
-190.18
-189.53
-188.99
-188.44
-187.77
-186.89
-185.73
-184.29
-182.57
-180.63
-178.54
-176.40
-174.30
-172.35
-170.60
-169.12
-167.92
-167.01
-166.41
-166.09
-166.02
-166.18
-166.50
-166.93
-167.39
-167.83
-168.19
-168.42
-168.48
-168.34
-168.01
-167.49
-166.80
-165.96
-164.98
-163.89
-162.70
-161.42
-160.06
-158.66
-157.23
-155.80
-154.41
-153.10
-151.92
-150.92
-150.12
-149.56
-149.23
-149.14
-149.25
-149.53
-149.94
-150.44
-150.98
-151.55
-152.12
-152.70
-153.28
-153.88
-154.50
-155.12
-155.73
-156.25
-156.60
-156.65
-156.29
-155.40
-153.90
-151.71
-148.80
-145.18
-140.89
-136.00
-130.63
-124.90
-118.95
-112.90
-106.88
-101.02
-95.45
-90.29
-85.67
-81.67
-78.40
-75.90
-74.16
-73.19
-72.94
-73.36
-74.41
-76.01
-78.11
-80.63
-83.51
-86.67
-90.05
-93.59
-97.22
-100.90
-104.59
-108.25
-111.86
-115.42
-118.90
-122.29
-125.58
-128.75
-131.79
-134.65
-137.26
-139.59
-141.58
-143.21
-144.48
-145.37
-145.87
-145.95
-145.57
-144.68
-143.22
-141.13
-138.40
-135.06
-131.19
-126.95
-122.52
-118.10
-113.87
-109.96
-106.46
-103.37
-100.66
-98.29
-96.17
-94.24
-92.46
-90.81
-89.28
-87.85
-86.51
-85.23
-83.98
-82.70
-81.37
-79.92
-78.33
-76.57
-74.67
-72.63
-70.54
-68.46
-66.47
-64.64
-63.03
-61.67
-60.57
-59.74
-59.17
-58.86
-58.79
-58.98
-59.42
-60.10
-61.01
-62.12
-63.39
-64.74
-66.11
-67.43
-68.66
-69.76
-70.73
-71.57
-72.28
-72.89
-73.36
-73.69
-73.85
-73.85
-73.70
-73.43
-73.08
-72.70
-72.30
-71.88
-71.40
-70.80
-70.02
-69.00
-67.71
-66.16
-64.40
-62.50
-60.57
-58.73
-57.09
-55.70
-54.64
-53.89
-53.45
-53.27
-53.28
-53.42
-53.60
-53.78
-53.91
-53.97
-53.96
-53.92
-53.85
-53.79
-53.73
-53.69
-53.67
-53.67
-53.70
-53.75
-53.83
-53.96
-54.12
-54.31
-54.52
-54.73
-54.92
-55.08
-55.19
-55.22
-55.15
-54.97
-54.65
-54.18
-53.56
-52.78
-51.86
-50.84
-49.77
-48.71
-47.74
-46.90
-46.25
-45.81
-45.58
-45.52
-45.59
-45.72
-45.86
-45.94
-45.94
-45.85
-45.68
-45.48
-45.28
-45.15
-45.12
-45.23
-45.48
-45.89
-46.43
-47.11
-47.90
-48.76
-49.66
-50.59
-51.52
-52.41
-53.25
-54.02
-54.69
-55.25
-55.68
-55.97
-56.10
-56.06
-55.83
-55.39
-54.70
-53.74
-52.46
-50.83
-48.81
-46.36
-43.46
-40.12
-36.37
-32.27
-27.90
-23.36
-18.75
-14.20
-9.81
-5.71
-1.96
1.35
4.17
6.50
8.34
9.71
10.64
11.20
11.43
11.39
11.14
10.75
10.29
9.82
9.39
9.08
8.93
9.00
9.29
9.83
10.60
11.55
12.64
13.79
14.94
16.03
17.01
17.83
18.44
18.82
18.94
18.75
18.24
17.37
16.12
14.46
12.40
9.97
7.23
4.25
1.12
-2.07
-5.26
-8.40
-11.47
-14.48
-17.45
-20.46
-23.59
-26.95
-30.67
-34.86
-39.63
-45.05
-51.17
-57.99
-65.50
-73.59
-82.14
-91.00
-100.00
-108.97
-117.79
-126.35
-134.66
-142.74
-150.72
-158.77
-167.12
-176.07
-185.93
-197.00
-209.61
-224.05
-240.56
-259.32
-280.47
-304.09
-330.18
-358.67
-389.45
-422.33
-457.13
-493.63
-531.64
-570.93
-611.29
-652.54
-694.51
-737.08
-780.14
-823.62
-867.39
-911.25
-954.89
-997.94
-1039.96
-1080.43
-1118.79
-1154.47
-1187.02
-1216.15
-1241.87
-1264.46
-1284.47
-1302.59
-1319.55
-1336.12
-1353.01
-1370.82
-1390.03
-1410.95
-1433.73
-1458.36
-1484.65
-1512.22
-1540.44
-1568.53
-1595.60
-1620.60
-1642.47
-1660.17
-1672.85
-1679.85
-1680.88
-1676.04
-1665.76
-1650.78
-1632.02
-1610.51
-1587.29
-1563.43
-1539.94
-1517.81
-1497.91
-1480.93
-1467.42
-1457.70
-1451.88
-1449.79
-1450.96
-1454.64
-1459.89
-1465.61
-1470.77
-1474.51
-1476.31
-1476.07
-1473.95
-1470.43
-1466.11
-1461.58
-1457.42
-1454.05
-1451.72
-1450.49
-1450.24
-1450.69
-1451.35
-1451.59
-1450.66
-1447.83
-1442.39
-1433.79
-1421.66
-1405.93
-1386.78
-1364.69
-1340.47
-1315.07
-1289.49
-1264.67
-1241.38
-1220.20
-1201.49
-1185.40
-1171.95
-1161.03
-1152.51
-1146.26
-1142.20
-1140.28
-1140.50
-1142.88
-1147.37
-1153.89
-1162.22
-1172.04
-1182.93
-1194.43
-1206.10
-1217.60
-1228.69
-1239.30
-1249.48
-1259.39
-1269.15
-1278.89
-1288.62
-1298.29
-1307.76
-1316.86
-1325.40
-1333.22
-1340.19
-1346.27
-1351.49
-1355.92
-1359.71
-1362.99
-1365.83
-1368.23
-1370.12
-1371.42
-1372.05
-1371.98
-1371.19
-1369.69
-1367.48
-1364.49
-1360.53
-1355.36
-1348.73
-1340.52
-1330.75
-1319.65
-1307.56
-1294.91
-1282.15
-1269.74
-1258.07
-1247.42
-1238.01
-1229.98
-1223.44
-1218.46
-1215.09
-1213.46
-1213.70
-1215.92
-1220.13
-1226.14
-1233.65
-1242.13
-1251.02
-1259.63
-1267.36
-1273.67
-1278.14
-1280.46
-1280.43
-1278.05
-1273.51
-1267.12
-1259.23
-1250.15
-1240.15
-1229.49
-1218.39
-1207.18
-1196.14
-1185.53
-1175.57
-1166.36
-1157.94
-1150.29
-1143.29
-1136.76
-1130.58
-1124.63
-1118.84
-1113.25
-1107.93
-1103.02
-1098.65
-1094.94
-1092.02
-1089.95
-1088.75
-1088.32
-1088.57
-1089.31
-1090.35
-1091.40
-1092.18
-1092.39
-1091.71
-1089.85
-1086.59
-1081.78
-1075.42
-1067.58
-1058.37
-1047.92
-1036.38
-1023.85
-1010.45
-996.27
-981.40
-965.95
-950.06
-933.88
-917.55
-901.23
-885.00
-869.01
-853.41
-838.44
-824.40
-811.67
-800.67
-791.84
-785.65
-782.53
-782.88
-786.97
-794.88
-806.45
-821.26
-838.57
-857.39
-876.46
-894.35
-909.62
-920.94
-927.15
-927.41
-921.20
-908.46
-889.48
-864.91
-835.73
-803.15
-768.48
-733.03
-698.04
-664.53
-633.32
-604.98
-579.80
-557.86
-539.07
-523.24
-510.06
-499.07
-489.76
-481.63
-474.14
-466.80
-459.25
-451.22
-442.54
-433.14
-423.01
-412.16
-400.63
-388.47
-375.83
-362.86
-349.79
-336.94
-324.59
-313.04
-302.49
-293.03
-284.60
-276.97
-269.83
-262.77
-255.42
-247.45
-238.65
-228.97
-218.50
-207.48
-196.25
-185.18
-174.64
-164.98
-156.46
-149.27
-143.52
-139.28
-136.56
-135.34
-135.53
-136.97
-139.40
-142.48
-145.85
-149.10
-151.86
-153.84
-154.85
-154.81
-153.71
-151.65
-148.79
-145.33
-141.52
-137.57
-133.69
-130.03
-126.74
-123.91
-121.63
-119.93
-118.84
-118.33
-118.35
-118.84
-119.72
-120.90
-122.33
-123.93
-125.64
-127.44
-129.28
-131.17
-133.11
-135.13
-137.28
-139.63
-142.25
-145.22
-148.61
-152.48
-156.88
-161.84
-167.33
-173.27
-179.52
-185.91
-192.26
-198.37
-204.04
-209.14
-213.56
-217.27
-220.26
-222.58
-224.29
-225.50
-226.35
-227.03
-227.76
-228.75
-230.16
-232.10
-234.61
-237.67
-241.17
-244.98
-248.86
-252.56
-255.81
-258.36
-260.06
-260.77
-260.43
-259.00
-256.48
-252.91
-248.37
-243.00
-236.95
-230.39
-223.50
-216.42
-209.24
-202.05
-194.88
-187.72
-180.57
-173.46
-166.42
-159.50
-152.77
-146.31
-140.18
-134.46
-129.21
-124.48
-120.30
-116.66
-113.53
-110.87
-108.60
-106.65
-104.98
-103.54
-102.30
-101.22
-100.26
-99.38
-98.52
-97.62
-96.63
-95.50
-94.19
-92.71
-91.05
-89.26
-87.38
-85.46
-83.53
-81.58
-79.57
-77.42
-75.03
-72.34
-69.29
-65.87
-62.11
-58.11
-53.97
-49.81
-45.78
-42.03
-38.65
-35.74
-33.35
-31.49
-30.14
-29.26
-28.82
-28.75
-29.02
-29.58
-30.39
-31.41
-32.59
-33.85
-35.13
-36.33
-37.35
-38.11
-38.54
-38.60
-38.25
-37.52
-36.41
-34.95
-33.18
-31.13
-28.87
-26.40
-23.77
-20.97
-17.99
-14.85
-11.55
-8.12
-4.63
-1.13
2.30
5.61
8.75
11.66
14.32
16.71
18.82
20.64
22.24
23.67
25.04
26.44
27.97
29.69
31.63
33.77
36.08
38.48
40.90
43.25
45.44
47.37
48.94
50.01
50.44
50.07
48.79
46.48
43.12
38.79
33.66
27.98
22.06
16.19
10.63
5.55
1.08
-2.74
-5.88
-8.36
-10.20
-11.43
-12.11
-12.27
-11.97
-11.29
-10.28
-9.04
-7.65
-6.18
-4.72
-3.31
-2.02
-0.85
0.19
1.11
1.91
2.62
3.25
3.81
4.31
4.80
5.29
5.81
6.38
7.01
7.70
8.48
9.34
10.27
11.27
12.33
13.41
14.53
15.66
16.82
18.01
19.23
20.48
21.71
22.91
24.03
25.02
25.86
26.51
26.95
27.18
27.20
27.02
26.65
26.11
25.43
24.61
23.68
22.66
21.57
20.42
19.23
18.00
16.73
15.39
13.95
12.38
10.64
8.69
6.48
3.97
1.10
-2.17
-5.89
-10.11
-14.85
-20.12
-25.91
-32.21
-38.97
-46.12
-53.58
-61.22
-68.89
-76.41
-83.62
-90.37
-96.55
-102.09
-106.96
-111.17
-114.74
-117.74
-120.22
-122.25
-123.86
-125.10
-125.99
-126.56
-126.79
-126.71
-126.30
-125.55
-124.47
-123.04
-121.27
-119.19
-116.85
-114.28
-111.57
-108.78
-105.99
-103.27
-100.65
-98.19
-95.88
-93.73
-91.70
-89.77
-87.92
-86.14
-84.42
-82.75
-81.10
-79.47
-77.81
-76.08
-74.26
-72.33
-70.27
-68.07
-65.73
-63.25
-60.66
-58.00
-55.34
-52.71
-50.18
-47.77
-45.50
-43.38
-41.41
-39.61
-37.98
-36.50
-35.16
-33.93
-32.80
-31.73
-30.68
-29.64
-28.57
-27.47
-26.33
-25.19
-24.05
-22.97
-21.99
-21.15
-20.49
-20.04
-19.81
-19.82
-20.08
-20.59
-21.35
-22.36
-23.62
-25.10
-26.78
-28.62
-30.57
-32.61
-34.69
-36.78
-38.88
-40.97
-43.10
-45.31
-47.67
-50.26
-53.18
-56.53
-60.41
-64.90
-70.05
-75.90
-82.45
-89.67
-97.51
-105.87
-114.61
-123.59
-132.61
-141.51
-150.12
-158.26
-165.76
-172.47
-178.32
-183.26
-187.27
-190.37
-192.62
-194.08
-194.88
-195.14
-195.04
-194.73
-194.35
-194.02
-193.79
-193.71
-193.72
-193.72
-193.55
-193.05
-192.01
-190.23
-187.57
-183.91
-179.23
-173.54
-166.91
-159.48
-151.40
-142.84
-134.00
-125.04
-116.12
-107.39
-98.97
-90.95
-83.40
-76.36
-69.83
-63.80
-58.24
-53.10
-48.35
-43.91
-39.76
-35.86
-32.22
-28.80
-25.64
-22.72
-20.06
-17.66
-15.51
-13.61
-11.94
-10.49
-9.24
-8.18
-7.28
-6.53
-5.92
-5.41
-5.00
-4.65
-4.33
-4.02
-3.70
-3.36
-3.00
-2.62
-2.23
-1.86
-1.50
-1.16
-0.86
-0.58
-0.34
-0.16
-0.03
0.04
0.03
-0.05
-0.22
-0.47
-0.81
-1.21
-1.69
-2.21
-2.78
-3.36
-3.95
-4.55
-5.16
-5.76
-6.38
-7.03
-7.71
-8.45
-9.26
-10.16
-11.18
-12.31
-13.59
-15.00
-16.54
-18.19
-19.93
-21.72
-23.53
-25.33
-27.08
-28.76
-30.33
-31.79
-33.12
-34.31
-35.36
-36.23
-36.93
-37.44
-37.77
-37.94
-37.97
-37.91
-37.76
-37.56
-37.31
-37.00
-36.59
-36.06
-35.36
-34.45
-33.29
-31.89
-30.26
-28.46
-26.57
-24.65
-22.78
-21.00
-19.37
-17.90
-16.59
-15.45
-14.46
-13.61
-12.89
-12.27
-11.72
-11.22
-10.74
-10.27
-9.81
-9.35
-8.92
-8.54
-8.24
-8.04
-7.97
-8.05
-8.30
-8.70
-9.26
-9.98
-10.86
-11.90
-13.10
-14.48
-16.02
-17.73
-19.59
-21.59
-23.70
-25.88
-28.10
-30.33
-32.54
-34.76
-36.98
-39.27
-41.70
-44.33
-47.28
-50.63
-54.45
-58.79
-63.69
-69.20
-75.28
-81.95
-89.14
-96.78
-104.75
-112.90
-121.03
-128.96
-136.48
-143.42
-149.62
-154.97
-159.44
-163.03
-165.80
-167.83
-169.21
-169.99
-170.25
-170.05
-169.45
-168.51
-167.28
-165.81
-164.09
-162.11
-159.88
-157.37
-154.61
-151.62
-148.45
-145.23
-142.06
-139.11
-136.55
-134.54
-133.21
-132.65
-132.92
-134.01
-135.81
-138.19
-140.96
-143.85
-146.62
-148.97
-150.66
-151.47
-151.23
-149.81
-147.16
-143.29
-138.33
-132.43
-125.82
-118.75
-111.46
-104.17
-97.06
-90.27
-83.87
-77.86
-72.25
-67.01
-62.10
-57.52
-53.28
-49.39
-45.90
-42.84
-40.23
-38.06
-36.33
-35.01
-34.08
-33.54
-33.38
-33.66
-34.40
-35.64
-37.44
-39.83
-42.83
-46.43
-50.60
-55.32
-60.53
-66.18
-72.21
-78.56
-85.20
-92.08
-99.18
-106.46
-113.91
-121.46
-129.06
-136.66
-144.18
-151.57
-158.76
-165.75
-172.53
-179.14
-185.62
-192.03
-198.46
-204.98
-211.67
-218.62
-225.90
-233.58
-241.75
-250.46
-259.75
-269.62
-280.07
-291.11
-302.76
-315.04
-327.98
-341.62
-356.00
-371.19
-387.23
-404.16
-422.02
-440.85
-460.64
-481.35
-502.94
-525.35
-548.53
-572.46
-597.06
-622.23
-647.89
-673.99
-700.46
-727.25
-754.25
-781.35
-808.41
-835.25
-861.71
-887.56
-912.60
-936.60
-959.45
-981.08
-1001.52
-1020.87
-1039.32
-1057.11
-1074.58
-1092.05
-1109.87
-1128.43
-1148.19
-1169.69
-1193.49
-1220.04
-1249.73
-1282.74
-1319.07
-1358.51
-1400.66
-1444.99
-1490.94
-1537.90
-1585.22
-1632.30
-1678.52
-1723.34
-1766.09
-1806.16
-1843.01
-1876.29
-1905.71
-1931.20
-1952.85
-1971.02
-1986.18
-1998.94
-2009.94
-2019.82
-2029.10
-2038.28
-2047.75
-2057.82
-2068.69
-2080.50
-2093.39
-2107.60
-2123.46
-2141.36
-2161.69
-2184.91
-2211.38
-2241.38
-2275.14
-2312.79
-2354.38
-2399.94
-2449.52
-2503.14
-2560.84
-2622.66
-2688.53
-2758.28
-2831.52
-2907.75
-2986.26
-3066.27
-3146.92
-3227.37
-3306.74
-3384.23
-3459.11
-3530.60
-3597.96
-3660.54
-3717.75
-3769.05
-3814.25
-3853.52
-3887.42
-3916.69
-3942.23
-3964.95
-3985.65
-4004.81
-4022.52
-4038.50
-4052.05
-4062.23
-4068.04
-4068.78
-4064.24
-4054.69
-4040.70
-4023.06
-4002.56
-3979.85
-3955.25
-3928.86
-3900.50
-3869.91
-3836.79
-3800.96
-3762.32
-3720.92
-3677.00
-3630.90
-3582.95
-3533.44
-3482.63
-3430.70
-3377.91
-3324.61
-3271.21
-3218.03
-3165.37
-3113.52
-3062.66
-3012.88
-2964.32
-2917.12
-2871.35
-2827.07
-2784.34
-2743.23
-2703.78
-2666.03
-2629.96
-2595.66
-2563.23
-2532.81
-2504.61
-2478.81
-2455.53
-2434.72
-2416.19
-2399.54
-2384.23
-2369.62
-2355.11
-2340.28
-2324.96
-2309.21
-2293.29
-2277.61
-2262.62
-2248.76
-2236.48
-2226.13
-2217.92
-2211.91
-2207.99
-2205.91
-2205.22
-2205.42
-2205.90
-2206.09
-2205.46
-2203.55
-2199.98
-2194.52
-2187.05
-2177.56
-2166.23
-2153.39
-2139.47
-2124.93
-2110.30
-2096.13
-2082.80
-2070.60
-2059.64
-2049.88
-2041.05
-2032.77
-2024.55
-2015.85
-2006.07
-1994.65
-1981.05
-1964.82
-1945.54
-1922.83
-1896.34
-1865.82
-1831.18
-1792.50
-1750.06
-1704.40
-1656.22
-1606.46
-1556.07
-1505.98
-1456.98
-1409.73
-1364.70
-1322.31
-1282.86
-1246.54
-1213.36
-1183.10
-1155.30
-1129.30
-1104.34
-1079.63
-1054.48
-1028.38
-1001.12
-972.81
-943.88
-914.95
-886.74
-859.93
-835.06
-812.51
-792.43
-774.78
-759.33
-745.73
-733.62
-722.64
-712.48
-702.86
-693.51
-684.24
-674.87
-665.24
-655.19
-644.58
-633.36
-621.55
-609.25
-596.66
-584.06
-571.73
-559.94
-548.89
-538.72
-529.46
-521.07
-513.43
-506.42
-499.90
-493.75
-487.88
-482.25
-476.85
-471.67
-466.69
-461.86
-457.11
-452.32
-447.37
-442.12
-436.48
-430.36
-423.79
-416.83
-409.62
-402.36
-395.22
-388.36
-381.82
-375.59
-369.55
-363.58
-357.52
-351.24
-344.62
-337.55
-329.98
-321.89
-313.33
-304.40
-295.28
-286.14
-277.14
-268.47
-260.22
-252.50
-245.32
-238.69
-232.59
-226.94
-221.68
-216.71
-211.98
-207.44
-203.07
-198.87
-194.89
-191.17
-187.78
-184.79
-182.30
-180.45
-179.42
-179.38
-180.53
-183.01
-186.89
-192.14
-198.61
-206.01
-213.90
-221.72
-228.83
-234.60
-238.50
-240.16
-239.43
-236.34
-231.13
-224.22
-216.11
-207.30
-198.26
-189.37
-180.94
-173.19
-166.25
-160.18
-154.94
-150.45
-146.56
-143.13
-139.98
-136.94
-133.83
-130.46
-126.68
-122.42
-117.68
-112.49
-106.96
-101.22
-95.46
-89.91
-84.79
-80.32
-76.68
-73.96
-72.22
-71.44
-71.53
-72.35
-73.70
-75.37
-77.14
-78.84
-80.35
-81.64
-82.75
-83.74
-84.68
-85.61
-86.51
-87.36
-88.12
-88.75
-89.23
-89.59
-89.83
-90.00
-90.13
-90.24
-90.39
-90.56
-90.78
-91.01
-91.24
-91.46
-91.66
-91.88
-92.15
-92.52
-93.01
-93.65
-94.45
-95.40
-96.49
-97.70
-99.02
-100.46
-102.00
-103.66
-105.46
-107.40
-109.50
-111.75
-114.14
-116.68
-119.37
-122.23
-125.30
-128.63
-132.24
-136.18
-140.45
-145.07
-149.99
-155.16
-160.47
-165.81
-171.05
-176.07
-180.81
-185.23
-189.35
-193.19
-196.78
-200.15
-203.31
-206.28
-209.09
-211.72
-214.17
-216.44
-218.52
-220.46
-222.28
-224.03
-225.73
-227.40
-229.00
-230.51
-231.85
-232.95
-233.74
-234.16
-234.17
-233.76
-232.90
-231.60
-229.83
-227.61
-224.95
-221.89
-218.46
-214.72
-210.76
-206.63
-202.42
-198.20
-194.04
-190.01
-186.17
-182.54
-179.15
-175.99
-173.02
-170.21
-167.50
-164.83
-162.14
-159.40
-156.59
-153.68
-150.65
-147.51
-144.25
-140.89
-137.46
-133.98
-130.49
-127.00
-123.47
-119.88
-116.17
-112.27
-108.16
-103.81
-99.22
-94.44
-89.50
-84.48
-79.47
-74.56
-69.82
-65.36
-61.21
-57.44
-54.07
-51.13
-48.63
-46.59
-45.00
-43.84
-43.10
-42.74
-42.75
-43.08
-43.70
-44.56
-45.60
-46.75
-47.98
-49.23
-50.48
-51.71
-52.91
-54.07
-55.21
-56.32
-57.41
-58.49
-59.56
-60.63
-61.68
-62.72
-63.74
-64.74
-65.70
-66.65
-67.60
-68.57
-69.59
-70.71
-71.98
-73.43
-75.09
-76.96
-79.02
-81.22
-83.49
-85.75
-87.93
-89.94
-91.73
-93.25
-94.47
-95.41
-96.05
-96.41
-96.51
-96.34
-95.94
-95.33
-94.53
-93.59
-92.54
-91.44
-90.32
-89.21
-88.17
-87.20
-86.34
-85.57
-84.90
-84.28
-83.72
-83.17
-82.61
-82.03
-81.43
-80.77
-80.06
-79.29
-78.44
-77.49
-76.41
-75.19
-73.81
-72.27
-70.60
-68.80
-66.92
-64.96
-62.98
-60.98
-59.02
-57.11
-55.28
-53.56
-51.96
-50.49
-49.17
-47.98
-46.92
-45.96
-45.08
-44.25
-43.43
-42.59
-41.73
-40.80
-39.82
-38.76
-37.62
-36.41
-35.13
-33.80
-32.41
-31.00
-29.57
-28.15
-26.73
-25.33
-23.96
-22.60
-21.26
-19.94
-18.65
-17.39
-16.17
-15.01
-13.91
-12.88
-11.93
-11.05
-10.25
-9.50
-8.82
-8.18
-7.59
-7.04
-6.55
-6.11
-5.74
-5.42
-5.16
-4.95
-4.77
-4.62
-4.48
-4.37
-4.27
-4.19
-4.13
-4.11
-4.14
-4.22
-4.36
-4.55
-4.79
-5.05
-5.31
-5.54
-5.70
-5.75
-5.65
-5.38
-4.92
-4.26
-3.42
-2.41
-1.27
-0.04
1.24
2.53
3.78
4.96
6.04
6.99
7.80
8.47
8.99
9.37
9.62
9.72
9.69
9.53
9.21
8.74
8.11
7.32
6.35
5.23
3.96
2.57
1.10
-0.39
-1.86
-3.25
-4.51
-5.61
-6.51
-7.21
-7.69
-7.98
-8.07
-7.99
-7.75
-7.37
-6.89
-6.33
-5.73
-5.13
-4.56
-4.06
-3.65
-3.33
-3.10
-2.95
-2.84
-2.75
-2.64
-2.50
-2.28
-1.96
-1.54
-1.00
-0.35
0.41
1.27
2.20
3.18
4.18
5.17
6.10
6.96
7.70
8.30
8.73
8.99
9.06
8.98
8.77
8.46
8.12
7.78
7.51
7.35
7.33
7.46
7.76
8.20
8.78
9.46
10.23
11.03
11.85
12.63
13.37
14.02
14.59
15.04
15.37
15.57
15.65
15.64
15.55
15.40
15.24
15.06
14.89
14.73
14.59
14.46
14.36
14.28
14.24
14.22
14.25
14.31
14.42
14.54
14.67
14.79
14.88
14.93
14.92
14.87
14.79
14.69
14.59
14.52
14.51
14.57
14.70
14.90
15.17
15.50
15.91
16.37
16.89
17.46
18.06
18.68
19.26
19.75
20.11
20.27
20.18
19.83
19.18
18.25
17.05
15.62
14.00
12.23
10.36
8.44
6.50
4.57
2.68
0.81
-1.01
-2.80
-4.57
-6.32
-8.07
-9.85
-11.69
-13.61
-15.66
-17.85
-20.22
-22.83
-25.69
-28.87
-32.43
-36.40
-40.87
-45.89
-51.49
-57.72
-64.61
-72.14
-80.30
-89.05
-98.30
-108.00
-118.01
-128.24
-138.56
-148.83
-158.93
-168.73
-178.09
-186.90
-195.06
-202.49
-209.14
-215.04
-220.23
-224.83
-228.97
-232.81
-236.51
-240.23
-244.11
-248.26
-252.76
-257.64
-262.88
-268.44
-274.27
-280.30
-286.50
-292.82
-299.24
-305.73
-312.31
-319.00
-325.79
-332.66
-339.58
-346.50
-353.28
-359.80
-365.90
-371.43
-376.24
-380.20
-383.17
-385.07
-385.86
-385.53
-384.16
-381.84
-378.73
-374.99
-370.78
-366.30
-361.70
-357.12
-352.70
-348.54
-344.77
-341.46
-338.68
-336.43
-334.70
-333.40
-332.40
-331.45
-330.27
-328.54
-325.95
-322.21
-317.13
-310.61
-302.66
-293.43
-283.14
-272.12
-260.66
-249.06
-237.51
-226.14
-215.00
-204.12
-193.46
-183.00
-172.72
-162.59
-152.62
-142.81
-133.18
-123.78
-114.64
-105.79
-97.28
-89.16
-81.48
-74.27
-67.56
-61.34
-55.58
-50.24
-45.26
-40.61
-36.25
-32.18
-28.36
-24.78
-21.40
-18.19
-15.11
-12.08
-9.06
-6.01
-2.89
0.27
3.46
6.64
9.76
12.77
15.62
18.27
20.68
22.85
24.77
26.48
27.99
29.34
30.57
31.71
32.83
33.95
35.11
36.33
37.62
38.98
40.37
41.77
43.15
44.47
45.71
46.84
47.86
48.77
49.57
50.26
50.83
51.29
51.60
51.77
51.78
51.60
51.22
50.58
49.65
48.35
46.62
44.43
41.78
38.70
35.30
31.72
28.14
24.74
21.71
19.21
17.35
16.18
15.64
15.64
16.02
16.60
17.18
17.59
17.69
17.38
16.61
15.34
13.57
11.30
8.53
5.27
1.54
-2.61
-7.13
-11.92
-16.89
-21.93
-26.91
-31.71
-36.23
-40.35
-44.00
-47.12
-49.69
-51.73
-53.27
-54.35
-55.01
-55.27
-55.13
-54.56
-53.49
-51.84
